[-0.027600916102528572, -0.027901237830519676]
[-0.025458650663495064, -0.024761108681559563]
[-0.025494012981653214, -0.026606716215610504]
[-0.023803476244211197, -0.024045774713158607]
[-0.021800972521305084, -0.027507595717906952]
[-0.020578131079673767, -0.028022808954119682]
[-0.01882893592119217, -0.025867896154522896]
[-0.019583554938435555, -0.027401471510529518]
[-0.01765177957713604, -0.025024602189660072]
[-0.016031956300139427, -0.026159679517149925]
[-0.013684011995792389, -0.02380628138780594]
[-0.011559456586837769, -0.022898729890584946]
[-0.008749882690608501, -0.01890350505709648]
[-0.007159407250583172, -0.01672031544148922]
[-0.008231083862483501, -0.013947581872344017]
[-0.00954369269311428, -0.010134589858353138]
[-0.00900773424655199, -0.010096179321408272]
[-0.00898046139627695, -0.00895343255251646]
[-0.009692646563053131, -0.009070155210793018]
[-0.011086761951446533, -0.006927058100700378]
[-0.011705465614795685, -0.007054658606648445]
[-0.01088921818882227, -0.005331887397915125]
[-0.010338487103581429, -0.007479660212993622]
[-0.011915372684597969, -0.0023742434568703175]
[-0.013674689456820488, -0.0060348790138959885]
[-0.009050549007952213, -0.0036490168422460556]
[-0.011012768372893333, -0.0011282493360340595]
[-0.009607993997633457, -0.002762402640655637]
[-0.00820255558937788, 0.0006991119589656591]
[-0.007789611350744963, -0.0007006212254054844]
[-0.01080065593123436, -0.003604572033509612]
[-0.010026655159890652, -0.003030820284038782]
[-0.011663412675261497, -0.005255572963505983]
[-0.009655129164457321, -0.005760225933045149]
[-0.008497944101691246, -0.008854457177221775]
[-0.00996284931898117, -0.013750312849879265]
[-0.008608200587332249, -0.009710466489195824]
[-0.008693665266036987, -0.010726889595389366]
[-0.009207581169903278, -0.01087990216910839]
[-0.013498983345925808, -0.01113690622150898]
[-0.01326615922152996, -0.010823477990925312]
[-0.012683921493589878, -0.014200959354639053]
[-0.012957333587110043, -0.011345540173351765]
[-0.01440916582942009, -0.014175674878060818]
[-0.013455532491207123, -0.011601520702242851]
[-0.01671651378273964, -0.013733752071857452]
[-0.015351654030382633, -0.01329218689352274]
[-0.015090704895555973, -0.010128638707101345]
[-0.011897713877260685, -0.007478248793631792]
[-0.013839052058756351, -0.008062723092734814]
[-0.012886371463537216, -0.008230685256421566]
[-0.010384565219283104, -0.009252677671611309]
[-0.010245079174637794, -0.0068977028131484985]
[-0.009666888043284416, -0.003140088403597474]
[-0.011194497346878052, -0.004495556000620127]
[-0.010721193626523018, -0.0038862992078065872]
[-0.00974870752543211, -0.0013670347398146987]
[-0.006572537124156952, -0.0006068908260203898]
[-0.009458700194954872, 0.0008832754683680832]
[-0.008721035905182362, 0.001845794846303761]
[-0.009216053411364555, 0.001636759378015995]
[-0.008064279332756996, 0.0006430167704820633]
[-0.01038784347474575, 0.0007804001215845346]
[-0.009185011498630047, 0.001869960455223918]
[-0.010343778878450394, 0.0015800988767296076]
[-0.008843645453453064, 0.002992650493979454]
[-0.008504652418196201, 0.0017780956113711]
[-0.008273696526885033, 0.002040107734501362]
[-0.00908926036208868, 0.0008088264730758965]
[-0.009560485370457172, 0.0018005225574597716]
[-0.009536406956613064, 0.0019402813632041216]
[-0.012238897383213043, 0.001455799792893231]
[-0.01177641935646534, 0.002217677189037204]
[-0.011676454916596413, 0.0022618165239691734]
[-0.010285867378115654, 0.0025476994924247265]
[-0.009560646489262581, 0.0021860026754438877]
[-0.012366260401904583, 0.0017780691850930452]
[-0.010154619812965393, 0.0027385898865759373]
[-0.01397583819925785, 0.002158239483833313]
[-0.010699138045310974, 0.0025461323093622923]
[-0.01242524292320013, 0.0030040014535188675]
[-0.011359307914972305, 0.002581963548436761]
[-0.012644321657717228, 0.0020908513106405735]
[-0.010950058698654175, 0.003207763656973839]
[-0.012364634312689304, 0.0033203130587935448]
[-0.013678071089088917, 0.003963267896324396]
[-0.011287651024758816, 0.0037770140916109085]
[-0.012512634508311749, 0.0036219165194779634]
[-0.010373210534453392, 0.002204220974817872]
[-0.01170653011649847, 0.0024533714167773724]
[-0.013270674273371696, 0.0024943186435848475]
[-0.011414393782615662, 0.002314203418791294]
[-0.011550210416316986, 0.0025082812644541264]
[-0.012279189191758633, 0.0013977627968415618]
[-0.011835796758532524, 0.0012973715784028172]
[-0.011520357802510262, 0.0019114190945401788]
[-0.010902364738285542, 0.0007652807980775833]
[-0.01059673260897398, 0.0017982666613534093]
[-0.00972320418804884, 0.0008240886963903904]
[-0.013634982518851757, 0.0006450224900618196]
[-0.011780153028666973, 0.0015115978894755244]
[-0.011045509949326515, 0.0013396136928349733]
[-0.011907355859875679, 0.0005012989859096706]
[-0.011415752582252026, 0.0013415570138022304]
[-0.011568303219974041, 0.0008645486086606979]
[-0.012320573441684246, 0.0012373124482110143]
[-0.012339772656559944, 0.0010182280093431473]
[-0.012372088618576527, 0.0017194595420733094]
[-0.011453093029558659, 0.001265201484784484]
[-0.012157599441707134, 0.0014737489400431514]
[-0.01237539667636156, 0.0025708444882184267]
[-0.012311084195971489, 0.0018078889697790146]
[-0.012915264815092087, 0.002730351174250245]
[-0.014215772040188313, 0.0021615761797875166]
[-0.01427659671753645, 0.002368199173361063]
[-0.012487385421991348, 0.003196252975612879]
[-0.015794282779097557, 0.0024896301329135895]
[-0.01361959520727396, 0.002461806172505021]
[-0.014509557746350765, 0.002837809734046459]
[-0.012268629856407642, 0.002760485513135791]
[-0.013782931491732597, 0.002583643887192011]
[-0.015718577429652214, 0.00272474717348814]
[-0.014782940968871117, 0.003197442041710019]
[-0.01325057353824377, 0.0035195506643503904]
[-0.013569491915404797, 0.0033633580897003412]
[-0.013785048387944698, 0.002844938775524497]
[-0.013404563069343567, 0.003413362428545952]
[-0.012188085354864597, 0.003452724777162075]
[-0.013464166782796383, 0.003081190399825573]
[-0.012408140115439892, 0.0034213392063975334]
[-0.016393590718507767, 0.003969439305365086]
[-0.013451265171170235, 0.0031776432879269123]
[-0.013650973327457905, 0.0032535619102418423]
[-0.015491963364183903, 0.0030080419965088367]
[-0.014625810086727142, 0.0032780265901237726]
[-0.016284730285406113, 0.0031010033562779427]
[-0.014237148687243462, 0.0027424211148172617]
[-0.014529358595609665, 0.003868045983836055]
[-0.017633335664868355, 0.0028332918882369995]
[-0.014964103698730469, 0.0030524369794875383]
[-0.013537954539060593, 0.003278441959992051]
[-0.013244102708995342, 0.003341386094689369]
[-0.009463978931307793, 0.0034906722139567137]
[-0.011496072635054588, 0.003111109370365739]
[-0.010493764653801918, 0.002900650491937995]
[-0.010327580384910107, 0.0032860245555639267]
[-0.009178628213703632, 0.0030925136525183916]
[-0.010482520796358585, 0.0033982228487730026]
[-0.007259771693497896, 0.0031120874918997288]
[-0.010008965618908405, 0.0028700826223939657]
[-0.01154814288020134, 0.0031492807902395725]
[-0.009798254817724228, 0.003240797435864806]
[-0.009548267349600792, 0.0024389263708144426]
[-0.009362501092255116, 0.0033452054485678673]
[-0.00939902663230896, 0.003010718384757638]
[-0.00991588830947876, 0.0024405831936746836]
[-0.012018609791994095, 0.002885763067752123]
[-0.009898880496621132, 0.002916855737566948]
[-0.009793063625693321, 0.0026482725515961647]
[-0.00971424113959074, 0.0029787635430693626]
[-0.00943837035447359, 0.0018045308534055948]
[-0.009635779075324535, 0.002711326815187931]
[-0.011274762451648712, 0.0029002383816987276]
[-0.009177792817354202, 0.0034119426272809505]
[-0.008265620097517967, 0.0029469472356140614]
[-0.010386064648628235, 0.0029995404183864594]
[-0.009673936292529106, 0.003144277958199382]
[-0.008051525801420212, 0.003167033428326249]
[-0.008566192351281643, 0.00368322292342782]
[-0.008555971086025238, 0.0030877282842993736]
[-0.010721484199166298, 0.003039365401491523]
[-0.00891702901571989, 0.0027314850594848394]
[-0.012737633660435677, 0.002679406898096204]
[-0.012207366526126862, 0.002545752329751849]
[-0.010887792333960533, 0.003561275778338313]
[-0.01050789374858141, 0.0036194087006151676]
[-0.012318529188632965, 0.003261551959440112]
[-0.014209108427166939, 0.0034249015152454376]
[-0.011451320722699165, 0.002866118447855115]
[-0.01472821831703186, 0.0033040845301002264]
[-0.014462525025010109, 0.002701039193198085]
[-0.013764400035142899, 0.0034142883960157633]
[-0.015025122091174126, 0.002065385924652219]
[-0.015541108325123787, 0.0022669986356049776]
[-0.013885270804166794, 0.0021138545125722885]
[-0.019331272691488266, 0.001931208185851574]
[-0.01677200384438038, 0.0021560019813477993]
[-0.017155006527900696, 0.002166148740798235]
[-0.015774961560964584, 0.002540897112339735]
[-0.015293313190340996, 0.001464006956666708]
[-0.016520366072654724, 0.0018379418179392815]
[-0.01740298420190811, 0.001965838484466076]
[-0.017829038202762604, 0.001837384537793696]
[-0.01756388694047928, 0.00234380760230124]
[-0.018638018518686295, 0.0009670779691077769]
[-0.018857881426811218, 0.0008572125807404518]
[-0.01876094378530979, 0.0008046155562624335]
[-0.01790003292262554, 0.0013299479614943266]
[-0.016930734738707542, -0.000583303568419069]
[-0.020763516426086426, -0.000512235623318702]
[-0.021813349798321724, -0.0008521726122125983]
[-0.019375281408429146, -0.0007843525963835418]
[-0.01867315173149109, 3.477810605545528e-05]
[-0.018185321241617203, -0.0009609973640181124]
[-0.02121530845761299, -0.00040468384395353496]
[-0.017205622047185898, -0.0013822768814861774]
[-0.01995719224214554, -0.0013470578705891967]
[-0.018597891554236412, -0.0010178126394748688]
[-0.0206715427339077, -0.0007845881045795977]
[-0.018486885353922844, -0.0019340523285791278]
[-0.017708973959088326, -0.0016302777221426368]
[-0.019273988902568817, -0.0024113531690090895]
[-0.01974465698003769, -0.0023861632216721773]
[-0.02036421373486519, -0.003246997483074665]
[-0.020975414663553238, -0.002697350922971964]
[-0.021876854822039604, -0.001180276507511735]
[-0.017331555485725403, -0.003215595381334424]
[-0.01990482024848461, -0.0026806925889104605]
[-0.019069375470280647, -0.003727658186107874]
[-0.01960691064596176, -0.0024462321307510138]
[-0.019849620759487152, -0.003386519383639097]
[-0.01796257495880127, -0.004056819248944521]
[-0.018858660012483597, -0.0039053470827639103]
[-0.017189953476190567, -0.004739209543913603]
[-0.019152799621224403, -0.004974167328327894]
[-0.020709047093987465, -0.007311400957405567]
[-0.01839366927742958, -0.0060552735812962055]
[-0.018526751548051834, -0.0063590542413294315]
[-0.019635014235973358, -0.0074052088893949986]
[-0.020169924944639206, -0.008264794014394283]
[-0.018656056374311447, -0.008410937152802944]
[-0.017528023570775986, -0.007749168202280998]
[-0.02133624069392681, -0.008073266595602036]
[-0.018598826602101326, -0.010549075901508331]
[-0.017860298976302147, -0.009687949903309345]
[-0.01885273866355419, -0.009515680372714996]
[-0.019302502274513245, -0.009454271756112576]
[-0.019359827041625977, -0.011310350149869919]
[-0.01846756413578987, -0.010424316860735416]
[-0.01746525429189205, -0.010862922295928001]
[-0.019705146551132202, -0.01182117685675621]
[-0.015887442976236343, -0.01230114046484232]
[-0.01895391009747982, -0.01201475691050291]
[-0.019263453781604767, -0.012404914945363998]
[-0.021545475348830223, -0.012764966115355492]
[-0.01755928248167038, -0.013114750385284424]
[-0.017439184710383415, -0.013571593910455704]
[-0.019251355901360512, -0.012444475665688515]
[-0.018296584486961365, -0.013955612666904926]
[-0.017889533191919327, -0.013120472431182861]
[-0.018439313396811485, -0.012107621878385544]
[-0.018277648836374283, -0.013854211196303368]
[-0.01897352561354637, -0.014272147789597511]
[-0.020761549472808838, -0.014645436778664589]
[-0.016868943348526955, -0.015086282044649124]
[-0.01600179821252823, -0.012715116143226624]
[-0.020727045834064484, -0.014951013028621674]
[-0.018505582585930824, -0.014490592293441296]
[-0.02162719890475273, -0.01327360700815916]
[-0.018742261454463005, -0.012857909314334393]
[-0.014864638447761536, -0.015731338411569595]
[-0.021402675658464432, -0.014425303786993027]
[-0.016955992206931114, -0.014583878219127655]
[-0.019264675676822662, -0.015182658098638058]
[-0.018120698630809784, -0.01583477482199669]
[-0.017325151711702347, -0.013732587918639183]
[-0.018315603956580162, -0.014489739201962948]
[-0.019044632092118263, -0.015996720641851425]
[-0.018749389797449112, -0.015032113529741764]
[-0.02044360153377056, -0.013560446910560131]
[-0.019974147900938988, -0.014126535505056381]
[-0.018926220014691353, -0.014578563161194324]
[-0.01933947578072548, -0.014048991724848747]
[-0.018717408180236816, -0.015250148251652718]
[-0.018761541694402695, -0.012932186014950275]
[-0.019556429237127304, -0.015635255724191666]
[-0.021195363253355026, -0.015128825791180134]
[-0.018393414095044136, -0.016574159264564514]
[-0.02091934345662594, -0.013718653470277786]
[-0.017477236688137054, -0.015449939295649529]
[-0.02165083959698677, -0.013865059241652489]
[-0.01966756023466587, -0.014284231700003147]
[-0.019022217020392418, -0.017687708139419556]
[-0.021991943940520287, -0.015119830146431923]
[-0.021897027269005775, -0.016431458294391632]
[-0.02016201987862587, -0.015105788595974445]
[-0.019284700974822044, -0.01640501618385315]
[-0.02094079740345478, -0.015316523611545563]
[-0.02106545679271221, -0.015909643843770027]
[-0.019262660294771194, -0.01574515365064144]
[-0.02108742482960224, -0.014400091953575611]
[-0.01700425148010254, -0.01598415896296501]
[-0.019429773092269897, -0.013977227732539177]
[-0.019171984866261482, -0.016176113858819008]
[-0.020449917763471603, -0.014863921329379082]
[-0.019940493628382683, -0.014493976719677448]
[-0.017514919862151146, -0.014771100133657455]
[-0.019752155989408493, -0.015637805685400963]
[-0.018429523333907127, -0.014508266001939774]
[-0.019828779622912407, -0.01367056556046009]
[-0.022577064111828804, -0.014607413671910763]
[-0.020060887560248375, -0.013851801864802837]
[-0.0200590081512928, -0.013133890926837921]
[-0.01904098503291607, -0.015514891594648361]
[-0.018317729234695435, -0.015234961174428463]
[-0.018074480816721916, -0.013674194924533367]
[-0.018915832042694092, -0.012830235064029694]
[-0.02079678885638714, -0.014891036786139011]
[-0.018004214391112328, -0.012502755969762802]
[-0.015946155413985252, -0.01201663725078106]
[-0.01839274726808071, -0.01290792878717184]
[-0.018097640946507454, -0.013059614226222038]
[-0.01870168372988701, -0.014647092670202255]
[-0.01963612623512745, -0.01539561152458191]
[-0.019145313650369644, -0.013297154568135738]
[-0.018009625375270844, -0.012737385928630829]
[-0.019234245643019676, -0.015100276097655296]
[-0.018337910994887352, -0.014212535694241524]
[-0.019145026803016663, -0.013943335972726345]
[-0.018272588029503822, -0.01569906622171402]
[-0.01723753847181797, -0.014430826529860497]
[-0.020764393731951714, -0.013528904877603054]
[-0.01984483189880848, -0.013491641730070114]
[-0.019042138010263443, -0.015763241797685623]
[-0.019380362704396248, -0.014439639635384083]
[-0.020527200773358345, -0.01338111236691475]
[-0.020190881565213203, -0.013902715407311916]
[-0.018601881340146065, -0.013876352459192276]
[-0.019038796424865723, -0.013159645721316338]
[-0.018778761848807335, -0.013916888274252415]
[-0.019032994285225868, -0.013593253679573536]
[-0.01853753626346588, -0.015312752686440945]
[-0.019933314993977547, -0.01622033305466175]
[-0.019865097478032112, -0.0158345066010952]
[-0.01588582806289196, -0.013790883123874664]
[-0.018712056800723076, -0.015768179669976234]
[-0.020487405359745026, -0.013404332101345062]
[-0.017649754881858826, -0.015288684517145157]
[-0.019616810604929924, -0.014585789293050766]
[-0.019047649577260017, -0.01485719345510006]
[-0.02052447386085987, -0.01396561972796917]
[-0.02054593339562416, -0.014288891106843948]
[-0.020537225529551506, -0.016652505844831467]
[-0.01938997022807598, -0.016282280907034874]
[-0.02044239081442356, -0.013964575715363026]
[-0.018682746216654778, -0.015083130449056625]
[-0.01874411851167679, -0.017364146187901497]
[-0.017742743715643883, -0.017746303230524063]
[-0.019806580618023872, -0.01746176742017269]
[-0.02017473801970482, -0.016403082758188248]
[-0.020169958472251892, -0.016863374039530754]
[-0.017677277326583862, -0.019143875688314438]
[-0.018000952899456024, -0.018681153655052185]
[-0.017108609899878502, -0.017926789820194244]
[-0.019060054793953896, -0.018628347665071487]
[-0.02166220173239708, -0.018352201208472252]
[-0.019266648218035698, -0.017772631719708443]
[-0.021060563623905182, -0.018674390390515327]
[-0.020071208477020264, -0.021313074976205826]
[-0.01628613844513893, -0.01781872659921646]
[-0.019862433895468712, -0.020278768613934517]
[-0.020008694380521774, -0.01823105476796627]
[-0.02118445187807083, -0.018658529967069626]
[-0.020738588646054268, -0.018498888239264488]
[-0.018821263685822487, -0.016785625368356705]
[-0.020521026104688644, -0.016688674688339233]
[-0.018356068059802055, -0.019210971891880035]
[-0.01783604547381401, -0.018757043406367302]
[-0.01964479312300682, -0.017239980399608612]
[-0.019612818956375122, -0.01812148466706276]
[-0.021110782399773598, -0.018891241401433945]
[-0.017649611458182335, -0.01862029731273651]
[-0.018307257443666458, -0.019284404814243317]
[-0.021890217438340187, -0.017323976382613182]
[-0.018962491303682327, -0.016971390694379807]
[-0.019064707681536674, -0.018318966031074524]
[-0.017041906714439392, -0.017272306606173515]
[-0.022418756037950516, -0.019660459831357002]
[-0.018042080104351044, -0.019421156495809555]
[-0.017447950318455696, -0.018445035442709923]
[-0.019616838544607162, -0.02154872938990593]
[-0.016913898289203644, -0.018863961100578308]
[-0.01931038498878479, -0.017845071852207184]
[-0.019075263291597366, -0.019046355038881302]
[-0.0188523530960083, -0.020896390080451965]
[-0.022024337202310562, -0.019485466182231903]
[-0.019806791096925735, -0.017355630174279213]
[-0.0174650140106678, -0.020551325753331184]
[-0.019784271717071533, -0.017554908990859985]
[-0.01852836273610592, -0.01755594275891781]
[-0.017966970801353455, -0.020352236926555634]
[-0.02101040445268154, -0.020968107506632805]
[-0.01972050778567791, -0.018068360164761543]
[-0.019837012514472008, -0.018936030566692352]
[-0.01844761148095131, -0.018798241391777992]
[-0.019865063950419426, -0.019425908103585243]
[-0.020220592617988586, -0.02115793712437153]
[-0.01979898475110531, -0.020093949511647224]
[-0.022822480648756027, -0.02097199484705925]
[-0.019050102680921555, -0.017897754907608032]
[-0.021433264017105103, -0.021010085940361023]
[-0.020377887412905693, -0.020916994661092758]
[-0.020349573343992233, -0.02005808800458908]
[-0.019882066175341606, -0.01834394410252571]
[-0.01985950581729412, -0.019247449934482574]
[-0.01782776042819023, -0.02163989469408989]
[-0.01905989833176136, -0.019937913864850998]
[-0.021510155871510506, -0.0209045447409153]
[-0.020046155899763107, -0.020523181185126305]
[-0.02117609605193138, -0.019166333600878716]
[-0.020353659987449646, -0.021723847836256027]
[-0.021732434630393982, -0.020544055849313736]
[-0.01826556585729122, -0.020665772259235382]
[-0.018588455393910408, -0.02026902511715889]
[-0.019632613286376, -0.019838768988847733]
[-0.019349610432982445, -0.021019961684942245]
[-0.0204242542386055, -0.019335797056555748]
[-0.020082220435142517, -0.02199363522231579]
[-0.021770890802145004, -0.020713824778795242]
[-0.02038426324725151, -0.020283741876482964]
[-0.023113327100872993, -0.021082619205117226]
[-0.020836541429162025, -0.02153046242892742]
[-0.01951828971505165, -0.021192030981183052]
[-0.023303396999835968, -0.023636914789676666]
[-0.020649503916502, -0.021352380514144897]
[-0.022923320531845093, -0.020998509600758553]
[-0.020371267572045326, -0.022573651745915413]
[-0.02582911215722561, -0.023174026980996132]
[-0.022113483399152756, -0.019981088116765022]
[-0.020782191306352615, -0.020972875878214836]
[-0.020507987588644028, -0.021750180050730705]
[-0.022902974858880043, -0.02282411977648735]
[-0.02237829752266407, -0.023995764553546906]
[-0.024452704936265945, -0.022048166021704674]
[-0.02101522497832775, -0.022341089323163033]
[-0.023240836337208748, -0.020765559747815132]
[-0.024261172860860825, -0.019898494705557823]
[-0.026535281911492348, -0.023441476747393608]
[-0.0221361443400383, -0.022652817890048027]
[-0.023881129920482635, -0.022312400862574577]
[-0.024152634665369987, -0.021556051447987556]
[-0.023408137261867523, -0.02248252183198929]
[-0.020247289910912514, -0.02667286992073059]
[-0.025013232603669167, -0.024066872894763947]
[-0.024747386574745178, -0.023020002990961075]
[-0.025009196251630783, -0.022630784660577774]
[-0.026162829250097275, -0.025097377598285675]
[-0.023626141250133514, -0.02141653187572956]
[-0.023283159360289574, -0.024005422368645668]
[-0.022568505257368088, -0.02343163639307022]
[-0.02352025918662548, -0.02334885112941265]
[-0.02425863780081272, -0.023780716583132744]
[-0.025424774736166, -0.024316584691405296]
[-0.024972131475806236, -0.024954194203019142]
[-0.025429807603359222, -0.027480473741889]
[-0.0276224035769701, -0.02578517608344555]
[-0.024563340470194817, -0.023831697180867195]
[-0.023921094834804535, -0.025497308000922203]
[-0.026827692985534668, -0.02477145940065384]
[-0.02354961447417736, -0.025206536054611206]
[-0.02423197403550148, -0.02406669594347477]
[-0.02447737380862236, -0.02323654294013977]
[-0.025879839435219765, -0.02282637171447277]
[-0.027101995423436165, -0.023698976263403893]
[-0.026349440217018127, -0.025115162134170532]
[-0.02677507884800434, -0.025501878932118416]
[-0.02971571311354637, -0.024265721440315247]
[-0.0270003043115139, -0.023383334279060364]
[-0.028047772124409676, -0.026534531265497208]
[-0.024755781516432762, -0.023431770503520966]
[-0.02714799903333187, -0.023608798161149025]
[-0.027588004246354103, -0.02538829669356346]
[-0.02694469317793846, -0.025455068796873093]
[-0.02830825001001358, -0.02700432389974594]
[-0.028918663039803505, -0.026045192033052444]
[-0.02808346413075924, -0.026716163381934166]
[-0.027148637920618057, -0.02391466684639454]
[-0.031204912811517715, -0.025144658982753754]
[-0.026388078927993774, -0.027305658906698227]
[-0.03131009265780449, -0.02768341451883316]
[-0.028444495052099228, -0.02785053476691246]
[-0.029508981853723526, -0.02525649219751358]
[-0.03128643333911896, -0.027692103758454323]
[-0.030937420204281807, -0.026173176243901253]
[-0.0286527331918478, -0.02727089449763298]
[-0.030418001115322113, -0.02743097022175789]
[-0.030081292614340782, -0.028133206069469452]
[-0.0300142802298069, -0.028042631223797798]
[-0.028628163039684296, -0.027796298265457153]
[-0.02851519174873829, -0.028674202039837837]
[-0.03269360214471817, -0.02787601947784424]
[-0.02959696762263775, -0.02726019360125065]
[-0.03021247498691082, -0.02816826105117798]
[-0.029571764171123505, -0.029839806258678436]
[-0.030187221243977547, -0.02922697737812996]
[-0.028866712003946304, -0.028010882437229156]
[-0.0301666297018528, -0.030175702646374702]
[-0.030079735442996025, -0.027612442150712013]
[-0.03237096592783928, -0.029041478410363197]
[-0.031023845076560974, -0.02996511571109295]
[-0.03301026672124863, -0.027968071401119232]
[-0.028099164366722107, -0.02980371192097664]
[-0.027559122070670128, -0.028002478182315826]
[-0.02953769825398922, -0.027678584679961205]
[-0.030764635652303696, -0.02824721299111843]
[-0.030300240963697433, -0.03190499171614647]
[-0.030575145035982132, -0.03021809086203575]
[-0.027539705857634544, -0.029917005449533463]
[-0.02949497289955616, -0.028058771044015884]
[-0.027672650292515755, -0.029342764988541603]
[-0.027330979704856873, -0.029591379687190056]
[-0.02989974617958069, -0.03049561195075512]
[-0.030116930603981018, -0.031745851039886475]
[-0.02936745621263981, -0.031122813001275063]
[-0.029471632093191147, -0.028856409713625908]
[-0.02808251790702343, -0.03096986934542656]
[-0.027452072128653526, -0.02924831584095955]
[-0.028198642656207085, -0.030202142894268036]
[-0.031025275588035583, -0.02899054065346718]
[-0.028457092121243477, -0.029204733669757843]
[-0.029909932985901833, -0.03167860954999924]
[-0.027458583936095238, -0.032326046377420425]
[-0.028707193210721016, -0.02998793125152588]
[-0.029062382876873016, -0.03088977560400963]
[-0.03063574992120266, -0.02969692461192608]
[-0.03041708841919899, -0.031793057918548584]
[-0.030451247468590736, -0.03329399228096008]
[-0.031677279621362686, -0.031465932726860046]
[-0.030147042125463486, -0.031690388917922974]
[-0.030314266681671143, -0.031014317646622658]
[-0.027755742892622948, -0.0330895371735096]
[-0.02818671613931656, -0.03232203423976898]
[-0.029389141127467155, -0.03086051158607006]
[-0.029708577319979668, -0.0322471559047699]
[-0.029962332919239998, -0.032485220581293106]
[-0.028640074655413628, -0.03229383006691933]
[-0.02768649347126484, -0.03350880369544029]
[-0.02788534201681614, -0.03271394595503807]
[-0.02830224111676216, -0.030868463218212128]
[-0.02896978333592415, -0.03346530348062515]
[-0.029561001807451248, -0.032595932483673096]
[-0.0287330262362957, -0.031145116314291954]
[-0.028743548318743706, -0.032059453427791595]
[-0.0293310284614563, -0.032043859362602234]
[-0.027322471141815186, -0.03320677950978279]
[-0.027904275804758072, -0.031365904957056046]
[-0.029437990859150887, -0.032605886459350586]
[-0.026383714750409126, -0.03198954463005066]
[-0.029924869537353516, -0.03257797285914421]
[-0.02967553585767746, -0.033502694219350815]
[-0.029545361176133156, -0.034664690494537354]
[-0.02671562135219574, -0.03231019899249077]
[-0.028186682611703873, -0.03250276297330856]
[-0.02832106500864029, -0.035684823989868164]
[-0.026247018948197365, -0.03266455978155136]
[-0.030115600675344467, -0.03392982855439186]
[-0.027316590771079063, -0.03361979499459267]
[-0.029533835127949715, -0.03300995007157326]
[-0.02725275233387947, -0.032323580235242844]
[-0.03009793907403946, -0.033688440918922424]
[-0.028802208602428436, -0.03020530566573143]
[-0.030516639351844788, -0.03249451145529747]
[-0.029423007741570473, -0.0330023393034935]
[-0.029737034812569618, -0.02992345578968525]
[-0.03026563860476017, -0.032237280160188675]
[-0.029625076800584793, -0.0326065868139267]
[-0.03219195455312729, -0.036867186427116394]
[-0.03049345687031746, -0.033490780740976334]
[-0.03062935546040535, -0.03290797024965286]
[-0.029324907809495926, -0.03566719591617584]
[-0.03076743707060814, -0.03447859734296799]
[-0.030223423615098, -0.03530324995517731]
[-0.03131440654397011, -0.03505098447203636]
[-0.027750365436077118, -0.034296270459890366]
[-0.029107781127095222, -0.033289335668087006]
[-0.03196445852518082, -0.03487446531653404]
[-0.030595289543271065, -0.03416377678513527]
[-0.03069264069199562, -0.03485238179564476]
[-0.028480764478445053, -0.0321352481842041]
[-0.03161829337477684, -0.03574249893426895]
[-0.031398288905620575, -0.03266499191522598]
[-0.028582356870174408, -0.03258831053972244]
[-0.03157125785946846, -0.03382065147161484]
[-0.030546050518751144, -0.034497424960136414]
[-0.029386382550001144, -0.03298627585172653]
[-0.03027513064444065, -0.034633785486221313]
[-0.027925198897719383, -0.03355936333537102]
[-0.03212049603462219, -0.03471376746892929]
[-0.030420871451497078, -0.03512440249323845]
[-0.03073759190738201, -0.034383971244096756]
[-0.027883607894182205, -0.036545053124427795]
[-0.03213401883840561, -0.03418399766087532]
[-0.030028343200683594, -0.035774119198322296]
[-0.029366644099354744, -0.03411680459976196]
[-0.031064249575138092, -0.03652399033308029]
[-0.028298843652009964, -0.03544272854924202]
[-0.03016190603375435, -0.03298933804035187]
[-0.0297566968947649, -0.03481661155819893]
[-0.032335542142391205, -0.036153871566057205]
[-0.03299123793840408, -0.03743583709001541]
[-0.026339123025536537, -0.032209865748882294]
[-0.03109327144920826, -0.03224918618798256]
[-0.02962210401892662, -0.03299802541732788]
[-0.03093336708843708, -0.034289151430130005]
[-0.03005002997815609, -0.033441901206970215]
[-0.030066708102822304, -0.0337546281516552]
[-0.030193522572517395, -0.03270970657467842]
[-0.03184924274682999, -0.033706557005643845]
[-0.030380303040146828, -0.034147460013628006]
[-0.02886887639760971, -0.03228730708360672]
[-0.031920451670885086, -0.028898661956191063]
[-0.03170013800263405, -0.03319161757826805]
[-0.030800718814134598, -0.032119542360305786]
[-0.027558529749512672, -0.031123628839850426]
[-0.02873886376619339, -0.031253982335329056]
[-0.02883397974073887, -0.03142080828547478]
[-0.02989463321864605, -0.031712569296360016]
[-0.029237691313028336, -0.03254218026995659]
[-0.03241821378469467, -0.03218458592891693]
[-0.02911699004471302, -0.03297277167439461]
[-0.029376031830906868, -0.03189738839864731]
[-0.03254743292927742, -0.02942797914147377]
[-0.030282551422715187, -0.033483948558568954]
[-0.030868707224726677, -0.03173071891069412]
[-0.028670132160186768, -0.03046802058815956]
[-0.03151269257068634, -0.03477422893047333]
[-0.03128020465373993, -0.03470374643802643]
[-0.028436068445444107, -0.032470423728227615]
[-0.030281662940979004, -0.034322142601013184]
[-0.03130290284752846, -0.03510598465800285]
[-0.03360677510499954, -0.03547748923301697]
[-0.02849564328789711, -0.03303585574030876]
[-0.03116159699857235, -0.035289932042360306]
[-0.03015446476638317, -0.03140828385949135]
[-0.029969410970807076, -0.03228690102696419]
[-0.03015892021358013, -0.033476509153842926]
[-0.03141287341713905, -0.03515269607305527]
[-0.03116719052195549, -0.036503903567790985]
[-0.029902290552854538, -0.032883647829294205]
[-0.03074941784143448, -0.03376789391040802]
[-0.029879910871386528, -0.03630155697464943]
[-0.03140748664736748, -0.03607223927974701]
[-0.028161266818642616, -0.03503869101405144]
[-0.03084622323513031, -0.033235471695661545]
[-0.029023807495832443, -0.033751294016838074]
[-0.03325197473168373, -0.03535763546824455]
[-0.029298337176442146, -0.03383491188287735]
[-0.03212660923600197, -0.03470680117607117]
[-0.030102653428912163, -0.03728985786437988]
[-0.03213285282254219, -0.037567924708127975]
[-0.0312989242374897, -0.03612525761127472]
[-0.029011886566877365, -0.03671034052968025]
[-0.029595380648970604, -0.03735865280032158]
[-0.02772817760705948, -0.03655068948864937]
[-0.030764473602175713, -0.03676852956414223]
[-0.03140677511692047, -0.034178026020526886]
[-0.03038771077990532, -0.036510027945041656]
[-0.030814817175269127, -0.037712592631578445]
[-0.03003295697271824, -0.037387289106845856]
[-0.03344866633415222, -0.03755319491028786]
[-0.026924312114715576, -0.034602090716362]
[-0.028880562633275986, -0.03816542401909828]
[-0.027257148176431656, -0.037172749638557434]
[-0.02959149144589901, -0.03953751549124718]
[-0.03164117410778999, -0.03977580741047859]
[-0.02735152281820774, -0.0374397449195385]
[-0.02930534817278385, -0.03807263821363449]
[-0.03145475685596466, -0.0370054692029953]
[-0.03287481144070625, -0.03823329135775566]
[-0.030626488849520683, -0.036274608224630356]
[-0.034183066338300705, -0.0391765832901001]
[-0.03489874303340912, -0.03878675773739815]
[-0.027817731723189354, -0.035513974726200104]
[-0.030127907171845436, -0.0394134446978569]
[-0.03340763971209526, -0.037589605897665024]
[-0.031288567930459976, -0.036535006016492844]
[-0.030332596972584724, -0.03757697343826294]
[-0.029419105499982834, -0.03840150311589241]
[-0.03127268701791763, -0.03799383342266083]
[-0.027899816632270813, -0.03784368559718132]
[-0.03140025958418846, -0.03937686234712601]
[-0.029662761837244034, -0.04012473300099373]
[-0.02949916385114193, -0.037669792771339417]
[-0.03280308097600937, -0.04025009274482727]
[-0.032151222229003906, -0.03812669590115547]
[-0.03125695139169693, -0.038849201053380966]
[-0.030112165957689285, -0.04126004874706268]
[-0.032424941658973694, -0.039853960275650024]
[-0.030165961012244225, -0.037912189960479736]
[-0.031017625704407692, -0.04068578779697418]
[-0.03419514745473862, -0.03938153386116028]
[-0.031195569783449173, -0.03984224423766136]
[-0.03075277805328369, -0.03937655687332153]
[-0.03110656514763832, -0.03994860500097275]
[-0.03235230594873428, -0.041213445365428925]
[-0.03204742819070816, -0.03675803542137146]
[-0.03185884281992912, -0.03724641352891922]
[-0.02914859540760517, -0.037457339465618134]
[-0.03090745024383068, -0.03763235732913017]
[-0.030242295935750008, -0.04051985591650009]
[-0.030343016609549522, -0.04022134095430374]
[-0.028715865686535835, -0.042163580656051636]
[-0.031816381961107254, -0.03895343840122223]
[-0.03203023970127106, -0.042657073587179184]
[-0.031182650476694107, -0.04150037467479706]
[-0.03010428510606289, -0.04050140455365181]
[-0.034043289721012115, -0.040117375552654266]
[-0.03139590844511986, -0.040696702897548676]
[-0.03256532922387123, -0.03805513679981232]
[-0.03192197158932686, -0.04100235924124718]
[-0.031661055982112885, -0.03875630348920822]
[-0.031856317073106766, -0.038846809417009354]
[-0.033243998885154724, -0.04207981377840042]
[-0.032040614634752274, -0.04096249118447304]
[-0.028936343267560005, -0.04169486090540886]
[-0.03110533580183983, -0.040744006633758545]
[-0.033420782536268234, -0.040593769401311874]
[-0.030808033421635628, -0.042905449867248535]
[-0.03326891362667084, -0.04027501866221428]
[-0.029861921444535255, -0.042113497853279114]
[-0.03358026593923569, -0.04049628600478172]
[-0.031850241124629974, -0.03902857005596161]
[-0.030133338645100594, -0.041937265545129776]
[-0.029349161311984062, -0.042555831372737885]
[-0.03454745188355446, -0.040423039346933365]
[-0.03436068445444107, -0.04124119132757187]
[-0.030777571722865105, -0.04347129538655281]
[-0.03398500010371208, -0.04153905436396599]
[-0.03183361887931824, -0.04212622344493866]
[-0.031926266849040985, -0.04243679344654083]
[-0.03207765519618988, -0.040921613574028015]
[-0.029778778553009033, -0.04135788604617119]
[-0.031540870666503906, -0.039608582854270935]
[-0.030829019844532013, -0.04191301763057709]
[-0.033557698130607605, -0.042830053716897964]
[-0.03297100216150284, -0.04133021458983421]
[-0.03241615742444992, -0.04429599270224571]
[-0.03198990598320961, -0.043000586330890656]
[-0.03126607462763786, -0.04044613987207413]
[-0.033149175345897675, -0.042322274297475815]
[-0.031370073556900024, -0.04595552384853363]
[-0.031206907704472542, -0.04269440099596977]
[-0.033544883131980896, -0.042040251195430756]
[-0.032746441662311554, -0.04405908286571503]
[-0.032869141548871994, -0.041922036558389664]
[-0.03636159747838974, -0.04065071791410446]
[-0.029784515500068665, -0.04240400716662407]
[-0.036099180579185486, -0.044792480766773224]
[-0.03136720880866051, -0.04198695346713066]
[-0.030729422345757484, -0.04276595264673233]
[-0.03440028801560402, -0.04558085650205612]
[-0.03314945101737976, -0.042867064476013184]
[-0.033613111823797226, -0.04034802317619324]
[-0.03175603225827217, -0.043498553335666656]
[-0.03455042839050293, -0.04259694367647171]
[-0.03737526014447212, -0.04193338751792908]
[-0.03289168328046799, -0.04251167178153992]
[-0.033320099115371704, -0.04343332722783089]
[-0.03566337004303932, -0.044061120599508286]
[-0.032162051647901535, -0.045608945190906525]
[-0.03196273371577263, -0.04455992951989174]
[-0.03145818039774895, -0.04304470121860504]
[-0.03164373338222504, -0.042062051594257355]
[-0.03637969493865967, -0.044864945113658905]
[-0.0336114764213562, -0.0445355586707592]
[-0.03155723959207535, -0.04279317334294319]
[-0.031302910298109055, -0.04317717254161835]
[-0.03354470804333687, -0.04210431128740311]
[-0.03422186151146889, -0.04654378071427345]
[-0.03303771838545799, -0.0477411150932312]
[-0.03656327351927757, -0.04562895745038986]
[-0.03476107865571976, -0.04524918273091316]
[-0.03431694209575653, -0.04429066553711891]
[-0.03214293718338013, -0.045336611568927765]
[-0.03636184334754944, -0.046051785349845886]
[-0.03523581847548485, -0.04648558422923088]
[-0.03687501326203346, -0.04440266638994217]
[-0.03590116649866104, -0.0471588596701622]
[-0.03628850728273392, -0.04298088327050209]
[-0.03436019644141197, -0.045947954058647156]
[-0.03587432578206062, -0.04324226826429367]
[-0.03808654844760895, -0.044784557074308395]
[-0.03199104219675064, -0.0485595166683197]
[-0.03695504739880562, -0.04631178081035614]
[-0.031680602580308914, -0.044886332005262375]
[-0.03516541048884392, -0.04596222564578056]
[-0.034609824419021606, -0.04381690174341202]
[-0.03820778802037239, -0.04657185077667236]
[-0.03469638153910637, -0.04329806938767433]
[-0.03714550659060478, -0.045536816120147705]
[-0.03748122975230217, -0.04279118776321411]
[-0.03614979237318039, -0.0445135198533535]
[-0.03552877530455589, -0.046817101538181305]
[-0.03791401535272598, -0.046797096729278564]
[-0.0353621169924736, -0.041131552308797836]
[-0.036280516535043716, -0.04424872621893883]
[-0.035794131457805634, -0.042952947318553925]
[-0.0369432233273983, -0.050910115242004395]
[-0.0360914021730423, -0.045147743076086044]
[-0.03552505001425743, -0.04631929099559784]
[-0.03596082329750061, -0.044143952429294586]
[-0.034125134348869324, -0.04794401302933693]
[-0.03495733067393303, -0.04541478678584099]
[-0.0330975167453289, -0.04371526092290878]
[-0.03317835554480553, -0.044078242033720016]
[-0.0342332199215889, -0.04548146575689316]
[-0.0357719361782074, -0.04813573136925697]
[-0.03321891650557518, -0.04400266334414482]
[-0.041188571602106094, -0.04801621288061142]
[-0.036709461361169815, -0.046457648277282715]
[-0.037450410425662994, -0.04578930884599686]
[-0.034565411508083344, -0.04596705362200737]
[-0.039387769997119904, -0.04574466496706009]
[-0.033812228590250015, -0.044881802052259445]
[-0.037642549723386765, -0.04488297924399376]
[-0.036139748990535736, -0.047513917088508606]
[-0.03670726716518402, -0.045697808265686035]
[-0.03468673676252365, -0.04558158665895462]
[-0.037322748452425, -0.04308465123176575]
[-0.03808880224823952, -0.04642288386821747]
[-0.038004688918590546, -0.04452676698565483]
[-0.03628858923912048, -0.046774040907621384]
[-0.037038449198007584, -0.045667946338653564]
[-0.03550397604703903, -0.04666627198457718]
[-0.036673322319984436, -0.04546789079904556]
[-0.03980707377195358, -0.04624323919415474]
[-0.03717272728681564, -0.0429062657058239]
[-0.03638781979680061, -0.04772712662816048]
[-0.038956597447395325, -0.04566497728228569]
[-0.03697176277637482, -0.04565582796931267]
[-0.038536835461854935, -0.04671527445316315]
[-0.037708885967731476, -0.04560636356472969]
[-0.039232783019542694, -0.044193562120199203]
[-0.038187313824892044, -0.043850723654031754]
[-0.04383467137813568, -0.04491431266069412]
[-0.03740246221423149, -0.04394387826323509]
[-0.04047251492738724, -0.04479595273733139]
[-0.041636694222688675, -0.04328544810414314]
[-0.04244697839021683, -0.04589888080954552]
[-0.03887879475951195, -0.045033328235149384]
[-0.03958701714873314, -0.045160237699747086]
[-0.03971056640148163, -0.04573002830147743]
[-0.03895522654056549, -0.043271396309137344]
[-0.0392494760453701, -0.041466910392045975]
[-0.03788718581199646, -0.04562860727310181]
[-0.04471065104007721, -0.04486214369535446]
[-0.04076378419995308, -0.04824912175536156]
[-0.04327844828367233, -0.045821189880371094]
[-0.03853004053235054, -0.04282332956790924]
[-0.038761306554079056, -0.044328924268484116]
[-0.041653260588645935, -0.04313039407134056]
[-0.0404767282307148, -0.04079773649573326]
[-0.04002751410007477, -0.045253291726112366]
[-0.040222860872745514, -0.041567981243133545]
[-0.04306231811642647, -0.042562611401081085]
[-0.03999008983373642, -0.04031631723046303]
[-0.03986985236406326, -0.03976353257894516]
[-0.04087350144982338, -0.04244556650519371]
[-0.04077233001589775, -0.04273051396012306]
[-0.04170183092355728, -0.04010765627026558]
[-0.040914300829172134, -0.04291112720966339]
[-0.040392037481069565, -0.041695736348629]
[-0.041317522525787354, -0.041246362030506134]
[-0.04197901487350464, -0.04022551327943802]
[-0.042052414268255234, -0.04267946630716324]
[-0.040809012949466705, -0.044603507965803146]
[-0.038445401936769485, -0.042295511811971664]
[-0.0388791523873806, -0.03860820084810257]
[-0.042934734374284744, -0.039725109934806824]
[-0.04047447443008423, -0.04224655032157898]
[-0.041822586208581924, -0.04234211519360542]
[-0.04429376497864723, -0.0411808043718338]
[-0.04100337252020836, -0.04114045575261116]
[-0.04238658770918846, -0.04066896811127663]
[-0.041756607592105865, -0.04024212434887886]
[-0.039259541779756546, -0.03843164071440697]
[-0.03918144479393959, -0.03995484486222267]
[-0.0370141975581646, -0.03974269703030586]
[-0.038731176406145096, -0.045928992331027985]
[-0.042066726833581924, -0.04296364262700081]
[-0.04558360204100609, -0.04199595004320145]
[-0.04290930926799774, -0.04091944918036461]
[-0.043192438781261444, -0.04227932170033455]
[-0.04455418139696121, -0.04478239268064499]
[-0.04483369365334511, -0.04514945298433304]
[-0.04253198578953743, -0.041366416960954666]
[-0.043438296765089035, -0.040470682084560394]
[-0.04635365307331085, -0.04327695071697235]
[-0.04293263703584671, -0.04284488037228584]
[-0.043855443596839905, -0.04408647119998932]
[-0.04256967455148697, -0.03919736295938492]
[-0.0409463532269001, -0.043030932545661926]
[-0.044884175062179565, -0.04397384077310562]
[-0.04259217903017998, -0.04290778562426567]
[-0.043195582926273346, -0.042668379843235016]
[-0.043456047773361206, -0.042020972818136215]
[-0.04484642297029495, -0.04298340901732445]
[-0.04182284697890282, -0.04630398005247116]
[-0.04592771828174591, -0.04263148456811905]
[-0.047156352549791336, -0.039676930755376816]
[-0.044606924057006836, -0.041464127600193024]
[-0.04239758104085922, -0.03991870954632759]
[-0.046857189387083054, -0.044011399149894714]
[-0.043833740055561066, -0.04058660939335823]
[-0.04398919269442558, -0.04044703021645546]
[-0.046594515442848206, -0.04269414767622948]
[-0.044791363179683685, -0.04196184501051903]
[-0.043189436197280884, -0.042286764830350876]
[-0.04413273558020592, -0.04336129501461983]
[-0.0444568395614624, -0.0438886396586895]
[-0.04615196958184242, -0.04197291284799576]
[-0.044825006276369095, -0.04495955631136894]
[-0.044910043478012085, -0.044509872794151306]
[-0.044469065964221954, -0.04288767650723457]
[-0.04334612190723419, -0.04581998288631439]
[-0.04192548617720604, -0.04465734213590622]
[-0.04301315173506737, -0.04107692465186119]
[-0.0461091585457325, -0.04370786249637604]
[-0.04279090836644173, -0.04281006008386612]
[-0.04380127042531967, -0.03970073536038399]
[-0.043563004583120346, -0.04533788934350014]
[-0.04218106344342232, -0.044951651245355606]
[-0.04472385719418526, -0.043937232345342636]
[-0.044596537947654724, -0.04313238710165024]
[-0.04415411874651909, -0.04360388219356537]
[-0.04505696892738342, -0.04576592147350311]
[-0.04423050209879875, -0.04398248344659805]
[-0.04388019070029259, -0.042623743414878845]
[-0.04667893052101135, -0.04131954908370972]
[-0.04375622794032097, -0.04426565021276474]
[-0.04461798071861267, -0.04151507094502449]
[-0.04389655962586403, -0.04583527520298958]
[-0.04419858381152153, -0.04703563451766968]
[-0.04184066504240036, -0.042338065803050995]
[-0.04742170497775078, -0.045534685254096985]
[-0.04303063452243805, -0.04450041055679321]
[-0.04349147900938988, -0.04295917600393295]
[-0.04521511495113373, -0.04211698845028877]
[-0.04604163393378258, -0.043410904705524445]
[-0.042624231427907944, -0.04435079172253609]
[-0.04456884786486626, -0.04312921687960625]
[-0.0435057133436203, -0.045903343707323074]
[-0.04673031345009804, -0.04187808930873871]
[-0.04358129948377609, -0.04277126491069794]
[-0.04456005245447159, -0.0410955548286438]
[-0.04379690811038017, -0.04202207177877426]
[-0.04432874917984009, -0.0454130619764328]
[-0.04576503485441208, -0.042031485587358475]
[-0.04432111978530884, -0.04348074644804001]
[-0.0468372143805027, -0.04277299717068672]
[-0.04466554895043373, -0.039435531944036484]
[-0.04620479792356491, -0.04192919284105301]
[-0.04349353164434433, -0.04258164390921593]
[-0.04585149884223938, -0.04196318984031677]
[-0.04536820575594902, -0.045333463698625565]
[-0.046058475971221924, -0.04141458868980408]
[-0.04227381944656372, -0.04367648437619209]
[-0.04459332302212715, -0.0446893647313118]
[-0.0447375550866127, -0.04205716773867607]
[-0.04724420979619026, -0.042473141103982925]
[-0.04459709674119949, -0.04253232479095459]
[-0.047142695635557175, -0.04307270795106888]
[-0.04316308721899986, -0.04216954857110977]
[-0.04561290517449379, -0.044329676777124405]
[-0.046335089951753616, -0.041432466357946396]
[-0.04353943094611168, -0.04056481644511223]
[-0.04802281782031059, -0.04405008256435394]
[-0.04526553675532341, -0.04469934478402138]
[-0.04238876327872276, -0.04189574345946312]
[-0.04352638125419617, -0.04699045419692993]
[-0.04523368179798126, -0.040999192744493484]
[-0.04798935353755951, -0.04149119555950165]
[-0.04653479531407356, -0.043256670236587524]
[-0.0456826388835907, -0.039946094155311584]
[-0.046387430280447006, -0.0439118966460228]
[-0.046245355159044266, -0.0434434749186039]
[-0.04843098670244217, -0.04380430653691292]
[-0.044949136674404144, -0.04146425053477287]
[-0.04726724326610565, -0.04145292565226555]
[-0.047612037509679794, -0.042258210480213165]
[-0.04589950665831566, -0.041798315942287445]
[-0.044385869055986404, -0.04284292459487915]
[-0.04697447270154953, -0.04161541536450386]
[-0.043988198041915894, -0.041520535945892334]
[-0.04614496976137161, -0.04402611404657364]
[-0.04895296320319176, -0.04222657531499863]
[-0.04853072389960289, -0.04165708273649216]
[-0.04396706819534302, -0.042964816093444824]
[-0.04640950635075569, -0.04319886490702629]
[-0.049088504165410995, -0.04171008616685867]
[-0.04783875122666359, -0.04328662157058716]
[-0.04722060263156891, -0.04434024915099144]
[-0.045674797147512436, -0.042322687804698944]
[-0.047711700201034546, -0.04257190600037575]
[-0.0484280064702034, -0.03951592370867729]
[-0.04711701720952988, -0.042542826384305954]
[-0.045584067702293396, -0.039914898574352264]
[-0.0448097325861454, -0.04269463196396828]
[-0.048913657665252686, -0.040991462767124176]
[-0.04480476304888725, -0.0431678406894207]
[-0.04457821696996689, -0.04162444919347763]
[-0.0474979504942894, -0.04586843028664589]
[-0.04752371087670326, -0.0439685583114624]
[-0.04927573725581169, -0.04244771972298622]
[-0.051324550062417984, -0.04169003665447235]
[-0.048686351627111435, -0.043897584080696106]
[-0.046984173357486725, -0.045230746269226074]
[-0.04810111224651337, -0.04164625331759453]
[-0.04836167395114899, -0.042830925434827805]
[-0.05040482059121132, -0.042681314051151276]
[-0.04785405844449997, -0.0420239083468914]
[-0.04949868470430374, -0.042185328900814056]
[-0.05094952508807182, -0.041390541940927505]
[-0.04761877283453941, -0.041939303278923035]
[-0.05004561319947243, -0.04368629679083824]
[-0.050730787217617035, -0.041628580540418625]
[-0.04811786860227585, -0.042955584824085236]
[-0.04646221548318863, -0.04448404908180237]
[-0.04713427647948265, -0.04172448441386223]
[-0.045940227806568146, -0.04356032609939575]
[-0.05229213088750839, -0.041070133447647095]
[-0.04834546148777008, -0.04388390854001045]
[-0.048040326684713364, -0.042196124792099]
[-0.04895055666565895, -0.043233852833509445]
[-0.04872677102684975, -0.04224633425474167]
[-0.046881068497896194, -0.042992159724235535]
[-0.04993681237101555, -0.041158851236104965]
[-0.04839577153325081, -0.04320486634969711]
[-0.047379326075315475, -0.04355928674340248]
[-0.04967048019170761, -0.04326430708169937]
[-0.047215063124895096, -0.042115941643714905]
[-0.04869721457362175, -0.043411023914813995]
[-0.04844207316637039, -0.04231901094317436]
[-0.04950406774878502, -0.04292046278715134]
[-0.04565757140517235, -0.04342950880527496]
[-0.048571404069662094, -0.04605927690863609]
[-0.04739750176668167, -0.04020457714796066]
[-0.04856844246387482, -0.04030440375208855]
[-0.04829702898859978, -0.04360749572515488]
[-0.04488836228847504, -0.04508332163095474]
[-0.04626567289233208, -0.04489925503730774]
[-0.047127727419137955, -0.04369320720434189]
[-0.049306876957416534, -0.04536574333906174]
[-0.047699570655822754, -0.04225040227174759]
[-0.04592770338058472, -0.04579996317625046]
[-0.04557923600077629, -0.04273468255996704]
[-0.04820455610752106, -0.0435691773891449]
[-0.04741768166422844, -0.04558110609650612]
[-0.047293275594711304, -0.04219891130924225]
[-0.045856740325689316, -0.046684425324201584]
[-0.04617515206336975, -0.04468228295445442]
[-0.05130894109606743, -0.04282759130001068]
[-0.048410769551992416, -0.04620135948061943]
[-0.049424052238464355, -0.04541219398379326]
[-0.04816026613116264, -0.04553584009408951]
[-0.045034393668174744, -0.04513171687722206]
[-0.05186701565980911, -0.04379122704267502]
[-0.04898690804839134, -0.04743918403983116]
[-0.046577464789152145, -0.044249504804611206]
[-0.04638652130961418, -0.043794892728328705]
[-0.048060912638902664, -0.04700996354222298]
[-0.04941263794898987, -0.04563560336828232]
[-0.04502859339118004, -0.043516822159290314]
[-0.05077261105179787, -0.04348224774003029]
[-0.04540254920721054, -0.04749775677919388]
[-0.047055747359991074, -0.04097519442439079]
[-0.04884883388876915, -0.04550522193312645]
[-0.045323215425014496, -0.04453962668776512]
[-0.0459507592022419, -0.045038774609565735]
[-0.04960048571228981, -0.04624210298061371]
[-0.04763245955109596, -0.045935988426208496]
[-0.05034137889742851, -0.04463144764304161]
[-0.04904937371611595, -0.04132181406021118]
[-0.04825459420681, -0.04433076083660126]
[-0.047044411301612854, -0.04445783421397209]
[-0.04650028422474861, -0.04560403153300285]
[-0.049756910651922226, -0.0446883887052536]
[-0.049037300050258636, -0.04588668420910835]
[-0.048011187463998795, -0.0438726581633091]
[-0.04930819943547249, -0.046503275632858276]
[-0.04795099422335625, -0.043731871992349625]
[-0.042667508125305176, -0.04801565781235695]
[-0.04928918927907944, -0.04530346766114235]
[-0.04805862158536911, -0.04952118545770645]
[-0.04682323336601257, -0.046299029141664505]
[-0.049483008682727814, -0.046934276819229126]
[-0.04531766101717949, -0.04269140958786011]
[-0.04474610462784767, -0.0481933057308197]
[-0.04735087603330612, -0.04754580557346344]
[-0.04522222653031349, -0.045862846076488495]
[-0.049018628895282745, -0.04817970097064972]
[-0.04379928857088089, -0.04606720805168152]
[-0.04575532302260399, -0.045965034514665604]
[-0.04917677119374275, -0.048220034688711166]
[-0.04471145197749138, -0.04603266716003418]
[-0.04497160762548447, -0.04748363792896271]
[-0.043904464691877365, -0.048154354095458984]
[-0.04602476581931114, -0.04680333659052849]
[-0.04770931974053383, -0.047019749879837036]
[-0.04804570972919464, -0.04525906965136528]
[-0.04707558825612068, -0.04693581536412239]
[-0.04566081985831261, -0.04584028571844101]
[-0.04745655506849289, -0.0459941029548645]
[-0.04506964236497879, -0.04527399688959122]
[-0.043805453926324844, -0.046973492950201035]
[-0.04326139762997627, -0.04658252373337746]
[-0.04283398017287254, -0.04803864285349846]
[-0.04443486034870148, -0.045170966535806656]
[-0.04351279139518738, -0.04907076805830002]
[-0.047409556806087494, -0.04485654458403587]
[-0.048964787274599075, -0.045490607619285583]
[-0.04314581677317619, -0.04635568708181381]
[-0.04428688436746597, -0.047865621745586395]
[-0.04649669677019119, -0.045231617987155914]
[-0.04754620045423508, -0.04665953293442726]
[-0.04575160890817642, -0.044837284833192825]
[-0.040244992822408676, -0.044278740882873535]
[-0.044745784252882004, -0.04688365384936333]
[-0.042140115052461624, -0.04555501788854599]
[-0.04422391578555107, -0.04609428346157074]
[-0.04554097726941109, -0.047033268958330154]
[-0.04178670793771744, -0.046891435980796814]
[-0.047273557633161545, -0.04661620780825615]
[-0.04524829983711243, -0.045659955590963364]
[-0.043825212866067886, -0.0458625927567482]
[-0.04471530020236969, -0.047019463032484055]
[-0.04447251930832863, -0.045422181487083435]
[-0.043689239770174026, -0.04840252548456192]
[-0.042677879333496094, -0.04669983312487602]
[-0.04497179388999939, -0.047248292714357376]
[-0.043326810002326965, -0.04707114025950432]
[-0.04516422748565674, -0.04708043485879898]
[-0.041490159928798676, -0.045626766979694366]
[-0.04317393898963928, -0.04827146977186203]
[-0.0445314422249794, -0.045052237808704376]
[-0.046637967228889465, -0.04652785509824753]
[-0.043241892009973526, -0.042946603149175644]
[-0.04295045882463455, -0.047161683440208435]
[-0.0414421372115612, -0.045432139188051224]
[-0.042213473469018936, -0.04845638945698738]
[-0.04364798590540886, -0.0473703034222126]
[-0.043332889676094055, -0.04499787092208862]
[-0.042317502200603485, -0.04550497606396675]
[-0.044966332614421844, -0.04721438139677048]
[-0.04241729900240898, -0.04675132408738136]
[-0.039934009313583374, -0.04637516662478447]
[-0.04071579873561859, -0.04721628502011299]
[-0.047275006771087646, -0.048026226460933685]
[-0.04279337823390961, -0.04897547885775566]
[-0.03953797370195389, -0.04705776646733284]
[-0.045407045632600784, -0.04783553257584572]
[-0.042004771530628204, -0.04558628797531128]
[-0.04492760822176933, -0.045266278088092804]
[-0.041670266538858414, -0.0440065898001194]
[-0.0411035493016243, -0.04542642459273338]
[-0.04469769448041916, -0.048191484063863754]
[-0.04456117004156113, -0.044957131147384644]
[-0.045900676399469376, -0.046502478420734406]
[-0.043398354202508926, -0.04564131423830986]
[-0.04408624768257141, -0.04795176163315773]
[-0.042144857347011566, -0.04444462060928345]
[-0.043862879276275635, -0.042634669691324234]
[-0.04326975345611572, -0.046276453882455826]
[-0.04662896692752838, -0.04362044110894203]
[-0.0423155203461647, -0.047017186880111694]
[-0.04336092621088028, -0.04413945600390434]
[-0.04454178363084793, -0.04434332251548767]
[-0.04452498257160187, -0.04503374546766281]
[-0.04632218927145004, -0.043386731296777725]
[-0.04553300514817238, -0.04637652263045311]
[-0.04448482021689415, -0.04399983212351799]
[-0.044553935527801514, -0.04484862461686134]
[-0.04553293064236641, -0.04575902596116066]
[-0.04678018018603325, -0.043457306921482086]
[-0.043466586619615555, -0.04374709725379944]
[-0.04291131719946861, -0.04447415843605995]
[-0.04408864304423332, -0.044292669743299484]
[-0.041925009340047836, -0.039924442768096924]
[-0.04585864022374153, -0.046429768204689026]
[-0.04391517862677574, -0.04349178448319435]
[-0.04530462622642517, -0.04262373596429825]
[-0.04777323827147484, -0.0437520295381546]
[-0.04327308386564255, -0.04362280294299126]
[-0.04111594706773758, -0.040208183228969574]
[-0.042658448219299316, -0.04219115525484085]
[-0.04522712156176567, -0.04155615717172623]
[-0.044222552329301834, -0.04435800388455391]
[-0.047480225563049316, -0.04149209335446358]
[-0.04264895245432854, -0.044914454221725464]
[-0.04294145852327347, -0.041422754526138306]
[-0.043833162635564804, -0.04488028958439827]
[-0.047882478684186935, -0.04455588385462761]
[-0.04373070225119591, -0.04317013546824455]
[-0.04482538625597954, -0.039973463863134384]
[-0.04466503858566284, -0.04308927059173584]
[-0.046162500977516174, -0.04400041326880455]
[-0.04403539374470711, -0.041388098150491714]
[-0.04455498978495598, -0.043122828006744385]
[-0.04343874752521515, -0.041780486702919006]
[-0.045667022466659546, -0.04310571402311325]
[-0.047069694846868515, -0.043487273156642914]
[-0.04617810994386673, -0.04426657035946846]
[-0.04489189758896828, -0.04290518909692764]
[-0.046588268131017685, -0.042376384139060974]
