[0.006024850066751242, 0.008071987889707088]
[0.00639147125184536, 0.007539013400673866]
[0.0077822450548410416, 0.006749206688255072]
[0.00480961287394166, 0.004491929430514574]
[0.007245187181979418, 0.006185694132000208]
[0.004155644215643406, 0.004937690682709217]
[0.003526706015691161, 0.004450471606105566]
[0.00617962284013629, 0.005554496310651302]
[0.006111498922109604, 0.003858084324747324]
[0.00484029995277524, 0.008193597197532654]
[0.00821096170693636, 0.008966438472270966]
[0.0049940794706344604, 0.006255369633436203]
[0.008513771928846836, 0.005746407434344292]
[0.010828416794538498, 0.007244814652949572]
[0.01535050943493843, 0.0059938253834843636]
[0.0209085363894701, 0.011319596320390701]
[0.014670337550342083, 0.011130145750939846]
[0.016537226736545563, 0.013053316622972488]
[0.010049989446997643, 0.01957000233232975]
[0.013623934239149094, 0.01050411444157362]
[0.010382366366684437, 0.009756846353411674]
[0.012815934605896473, 0.012153303250670433]
[0.010944654233753681, 0.008030864410102367]
[0.011486911214888096, 0.010763785801827908]
[0.012896213680505753, 0.009001897647976875]
[0.02056613191962242, 0.007782825734466314]
[0.01235949620604515, 0.01091274619102478]
[0.01108454167842865, 0.009683948941528797]
[0.023271063342690468, 0.01132180169224739]
[0.013434931635856628, 0.008861158043146133]
[0.01657956652343273, 0.012468956410884857]
[0.011669915169477463, 0.007476791739463806]
[0.014786213636398315, 0.009028886444866657]
[0.011946290731430054, 0.009990780614316463]
[0.010283480398356915, 0.010584824718534946]
[0.017787998542189598, 0.02094128169119358]
[0.016288481652736664, 0.011359582655131817]
[0.009394513443112373, 0.01823015697300434]
[0.013307048939168453, 0.021013876423239708]
[0.01649031601846218, 0.018153665587306023]
[0.012823180295526981, 0.018114320933818817]
[0.014544965699315071, 0.02783646248281002]
[0.018029414117336273, 0.021426411345601082]
[0.015392201021313667, 0.02640339732170105]
[0.029319722205400467, 0.029748711735010147]
[0.020499126985669136, 0.029702140018343925]
[0.01952018216252327, 0.02996586635708809]
[0.013426732271909714, 0.02064572088420391]
[0.01740225777029991, 0.02121463418006897]
[0.01704433560371399, 0.025634750723838806]
[0.018366148695349693, 0.01776120625436306]
[0.018168486654758453, 0.012480407953262329]
[0.013328230939805508, 0.019247163087129593]
[0.01783601939678192, 0.013904557563364506]
[0.015574263408780098, 0.012005944736301899]
[0.01694934442639351, 0.015373576432466507]
[0.022063596174120903, 0.013219955377280712]
[0.01635737717151642, 0.012185350060462952]
[0.02064644731581211, 0.010784531012177467]
[0.01767267845571041, 0.011062662117183208]
[0.014447337947785854, 0.0120324632152915]
[0.013117162510752678, 0.012868047691881657]
[0.013584282249212265, 0.01035952940583229]
[0.011403029784560204, 0.010412544943392277]
[0.018392572179436684, 0.009806266985833645]
[0.016503192484378815, 0.008961125276982784]
[0.0130472956225276, 0.00708460807800293]
[0.011193843558430672, 0.008362073451280594]
[0.017208551988005638, 0.007466199342161417]
[0.012331484816968441, 0.007496940903365612]
[0.014929581433534622, 0.007509027142077684]
[0.01309644803404808, 0.008732739835977554]
[0.012024691328406334, 0.007372493389993906]
[0.013981346972286701, 0.008695455268025398]
[0.01797550544142723, 0.007871811278164387]
[0.010839083231985569, 0.007926713675260544]
[0.018084460869431496, 0.004862542729824781]
[0.016340352594852448, 0.008439893834292889]
[0.019574468955397606, 0.006024504546076059]
[0.0367402546107769, 0.006222681142389774]
[0.016516847535967827, 0.007710637059062719]
[0.018225204199552536, 0.006377224810421467]
[0.016046680510044098, 0.0050148810259997845]
[0.015447793528437614, 0.006750558502972126]
[0.01282857172191143, 0.004592107143253088]
[0.014215907081961632, 0.008112515322864056]
[0.01538196299225092, 0.005482956767082214]
[0.020034238696098328, 0.014737066812813282]
[0.012216530740261078, 0.005998691078275442]
[0.021515727043151855, 0.006133661139756441]
[0.01394441444426775, 0.005594729445874691]
[0.010815003886818886, 0.0076247090473771095]
[0.009919144213199615, 0.0059449453838169575]
[0.011250694282352924, 0.004779415670782328]
[0.01354522630572319, 0.004130946006625891]
[0.013169631361961365, 0.005823950748890638]
[0.010789670050144196, 0.0034388697240501642]
[0.011829465627670288, 0.0027442940045148134]
[0.012102056294679642, 0.0022883492056280375]
[0.013820608146488667, 0.003644905984401703]
[0.015728138387203217, 0.001953822560608387]
[0.00996702816337347, 0.002629099180921912]
[0.01076553389430046, 0.0017136908136308193]
[0.01126298401504755, 0.0010963695822283626]
[0.011419021524488926, 0.006253593135625124]
[0.007849291898310184, 0.0021645682863891125]
[0.012094615027308464, 0.001995105529204011]
[0.009653812274336815, 0.000969799526501447]
[0.008530032820999622, 0.0013897783355787396]
[0.011298962868750095, 0.002348107984289527]
[0.013280382379889488, 0.0014743858482688665]
[0.009232347831130028, 0.0008083628490567207]
[0.008547686040401459, 0.001078414497897029]
[0.009238972328603268, 0.0021331021562218666]
[0.011833718977868557, 0.0031925777439028025]
[0.01173675712198019, 0.007374693639576435]
[0.010440203361213207, 0.0019084942759945989]
[0.006831912323832512, 0.0032124232966452837]
[0.014513930305838585, 0.0006278366199694574]
[0.01139653380960226, 0.004746301099658012]
[0.015614071860909462, 0.003257583361119032]
[0.0114592295140028, 0.018019111827015877]
[0.012415755540132523, 0.0004859719192609191]
[0.012686137109994888, 0.0004475634195841849]
[0.010729983448982239, 0.0003955389547627419]
[0.014588532969355583, 0.007561224978417158]
[0.010658375918865204, 0.003716258564963937]
[0.015016530640423298, 0.0004009258118458092]
[0.012445571832358837, 0.00045972835505381227]
[0.012241288088262081, 0.001601281575858593]
[0.010337818413972855, 0.0056858183816075325]
[0.01049980241805315, 0.0017215234693139791]
[0.012504426762461662, 0.0004398417077027261]
[0.010856471955776215, 0.0013031879207119346]
[0.008255642838776112, 0.000622586696408689]
[0.01201515831053257, 0.0009951083920896053]
[0.0088008688762784, 0.0009616772877052426]
[0.011884729377925396, 0.0024487534537911415]
[0.013969514518976212, 0.001907645957544446]
[0.013193141669034958, 0.0008875231724232435]
[0.011562204919755459, 0.010115867480635643]
[0.01248802337795496, 0.00030651543056592345]
[0.011998044326901436, 0.0005930095794610679]
[0.013196125626564026, 0.003798175137490034]
[0.008122172206640244, 0.0047201975248754025]
[0.006944805383682251, 0.0004771325329784304]
[0.007664862088859081, 0.0034822416491806507]
[0.007900726981461048, 0.0003392794751562178]
[0.004757219925522804, 0.002992135239765048]
[0.006380073260515928, 0.0008239776943810284]
[0.0069924406707286835, 0.0009496505372226238]
[0.005467167589813471, 0.00038250727811828256]
[0.005151364486664534, 0.0009791699703782797]
[0.012428265064954758, 0.00028466046205721796]
[0.010561794973909855, 0.010189457796514034]
[0.00828720722347498, 0.010483039543032646]
[0.0069185784086585045, 0.0003701951645780355]
[0.005238046869635582, 0.0009505065390840173]
[0.00612347899004817, 0.011232399381697178]
[0.007723344024270773, 0.00021672190632671118]
[0.006435735616832972, 0.0075530121102929115]
[0.007873138412833214, 0.004410839173942804]
[0.009761114604771137, 0.01127470564097166]
[0.00711288396269083, 0.0004139523080084473]
[0.0057066441513597965, 0.016808485612273216]
[0.006943811662495136, 0.0011357469484210014]
[0.00772838806733489, 0.0008533538784831762]
[0.012587650679051876, 0.00024158210726454854]
[0.009697595611214638, 0.00038280902663245797]
[0.00876815989613533, 0.0009501859894953668]
[0.007271175272762775, 0.0017724231583997607]
[0.006303730886429548, 0.007512318901717663]
[0.01289174985140562, 0.014572576619684696]
[0.013881935738027096, 0.006158791948109865]
[0.013193567283451557, 0.000491863873321563]
[0.008003533817827702, 0.004444356542080641]
[0.008548537269234657, 0.000529206998180598]
[0.010916237719357014, 0.005889106076210737]
[0.00966015923768282, 0.0008829449652694166]
[0.010996436700224876, 0.003829888766631484]
[0.010928754694759846, 0.008829321712255478]
[0.009593794122338295, 0.0021142831537872553]
[0.009398163296282291, 0.003753491211682558]
[0.011209364980459213, 0.00610553240403533]
[0.013434605672955513, 0.0072591411881148815]
[0.00935167446732521, 0.001962006324902177]
[0.011561854742467403, 0.0015587134985253215]
[0.010439960286021233, 0.0018812079215422273]
[0.009372892789542675, 0.00215607020072639]
[0.0063381013460457325, 0.006554543972015381]
[0.014902763068675995, 0.0016176836797967553]
[0.010691783390939236, 0.0024636397138237953]
[0.015620117075741291, 0.0005193586112000048]
[0.00817499402910471, 0.0028297221288084984]
[0.00703519256785512, 0.009580112062394619]
[0.011424858123064041, 0.0026808343827724457]
[0.009745685383677483, 0.005309510976076126]
[0.009110589511692524, 0.004021299071609974]
[0.014789958484470844, 0.002092219889163971]
[0.007598998956382275, 0.019365735352039337]
[0.014454109594225883, 0.0031035616993904114]
[0.009112995117902756, 0.00363892107270658]
[0.016931891441345215, 0.00469270721077919]
[0.008346796967089176, 0.002745990641415119]
[0.008153261616826057, 0.0022283445578068495]
[0.008432244881987572, 0.008700869046151638]
[0.010681752115488052, 0.0024319873191416264]
[0.0066411239095032215, 0.003881920361891389]
[0.009328021667897701, 0.0029700705781579018]
[0.009704376570880413, 0.005823031533509493]
[0.013928771018981934, 0.007910465821623802]
[0.011864887550473213, 0.006858667358756065]
[0.007923691533505917, 0.0030666603706777096]
[0.009610223583877087, 0.009805569425225258]
[0.0169769749045372, 0.012227006256580353]
[0.00709918700158596, 0.00492489617317915]
[0.010872647166252136, 0.014192705973982811]
[0.0062768710777163506, 0.004589006304740906]
[0.01051543839275837, 0.018755540251731873]
[0.016677916049957275, 0.010625919327139854]
[0.008758015930652618, 0.004031744785606861]
[0.009645665064454079, 0.017544640228152275]
[0.00821659341454506, 0.008567029610276222]
[0.00853346474468708, 0.024341987445950508]
[0.008024065755307674, 0.009317990392446518]
[0.01404603011906147, 0.016445960849523544]
[0.006997317541390657, 0.009900427423417568]
[0.009592938236892223, 0.008190812543034554]
[0.008080929517745972, 0.022183280438184738]
[0.009322533383965492, 0.0295296311378479]
[0.008504963479936123, 0.014633375220000744]
[0.008688906207680702, 0.018512070178985596]
[0.014633318409323692, 0.0179835706949234]
[0.009858154691755772, 0.01696641556918621]
[0.012419300153851509, 0.0152906384319067]
[0.010668234899640083, 0.014748726040124893]
[0.01011353824287653, 0.01174977421760559]
[0.009925573132932186, 0.025991538539528847]
[0.009275441989302635, 0.01828816533088684]
[0.007891158573329449, 0.017241833731532097]
[0.011660953052341938, 0.018555790185928345]
[0.014369486831128597, 0.019099215045571327]
[0.014476521871984005, 0.01967792771756649]
[0.011344973929226398, 0.012604459188878536]
[0.013497363775968552, 0.01693582721054554]
[0.008114409632980824, 0.011637385003268719]
[0.01611604541540146, 0.025493452325463295]
[0.020754439756274223, 0.012503357604146004]
[0.010398915968835354, 0.017399627715349197]
[0.011909076943993568, 0.0161930862814188]
[0.017290234565734863, 0.015338598750531673]
[0.013811072334647179, 0.019598186016082764]
[0.008244906552135944, 0.015708304941654205]
[0.014893533661961555, 0.02025636099278927]
[0.0192449688911438, 0.01566881313920021]
[0.008304551243782043, 0.01919555850327015]
[0.023023877292871475, 0.014235696755349636]
[0.01139174122363329, 0.014777174219489098]
[0.015216904692351818, 0.014574087224900723]
[0.009871616028249264, 0.015516730025410652]
[0.018139293417334557, 0.01855563372373581]
[0.008140224032104015, 0.013302329927682877]
[0.010577049106359482, 0.013358990661799908]
[0.011052850633859634, 0.013257906772196293]
[0.01615528203547001, 0.01664566807448864]
[0.016539283096790314, 0.010012350976467133]
[0.01452817302197218, 0.01352884341031313]
[0.015561322681605816, 0.014073578640818596]
[0.01162143237888813, 0.015317638404667377]
[0.031420450657606125, 0.01357717253267765]
[0.01056046225130558, 0.009217262268066406]
[0.00989907793700695, 0.014367827214300632]
[0.009655507281422615, 0.009155568666756153]
[0.017665717750787735, 0.0155617855489254]
[0.00828656554222107, 0.011745002120733261]
[0.014326201751828194, 0.015629258006811142]
[0.010767950676381588, 0.01510595716536045]
[0.012017503380775452, 0.010555176064372063]
[0.011225379072129726, 0.007075659465044737]
[0.010741476900875568, 0.016127387061715126]
[0.010216251015663147, 0.011510573327541351]
[0.009278519079089165, 0.0106735248118639]
[0.00897559616714716, 0.01250280998647213]
[0.0181132722645998, 0.015632210299372673]
[0.017339851707220078, 0.007665934506803751]
[0.011444266885519028, 0.010874038562178612]
[0.011202727444469929, 0.01189545076340437]
[0.012061365880072117, 0.007411241065710783]
[0.009423155337572098, 0.014776729047298431]
[0.01022411324083805, 0.008254271931946278]
[0.01121452171355486, 0.011448746547102928]
[0.007586989086121321, 0.00638400437310338]
[0.011533924378454685, 0.008860597386956215]
[0.008756705559790134, 0.007146297954022884]
[0.009143012575805187, 0.00801077950745821]
[0.008259350433945656, 0.009526124224066734]
[0.0058930316008627415, 0.0066529568284749985]
[0.009918698109686375, 0.010561568662524223]
[0.007114851381629705, 0.008614780381321907]
[0.010051359422504902, 0.01116262562572956]
[0.00895276851952076, 0.022471336647868156]
[0.008189630694687366, 0.00555622112005949]
[0.015082307159900665, 0.006755334325134754]
[0.011318245902657509, 0.00850487221032381]
[0.007131524384021759, 0.007294776383787394]
[0.012367296032607555, 0.008234343491494656]
[0.01089363545179367, 0.0132444454357028]
[0.01754811406135559, 0.009686484932899475]
[0.005874537862837315, 0.008997631259262562]
[0.011733387596905231, 0.009544847533106804]
[0.007513931952416897, 0.00971289910376072]
[0.008703806437551975, 0.009195689111948013]
[0.01020949799567461, 0.007974310778081417]
[0.008667994290590286, 0.010005377233028412]
[0.00899749156087637, 0.008290343917906284]
[0.012361184693872929, 0.009458267129957676]
[0.012282534502446651, 0.008601095527410507]
[0.009586741216480732, 0.009416123852133751]
[0.01395055465400219, 0.00862868968397379]
[0.010086565278470516, 0.007501186802983284]
[0.01016477681696415, 0.010928558185696602]
[0.010433142073452473, 0.009456773288547993]
[0.015697790309786797, 0.010281682945787907]
[0.013203590176999569, 0.010752500966191292]
[0.012598127126693726, 0.007051738910377026]
[0.009951962158083916, 0.008545396849513054]
[0.00622521061450243, 0.008295027539134026]
[0.00826658308506012, 0.007610063534229994]
[0.01004112884402275, 0.00852704793214798]
[0.009787216782569885, 0.007230570539832115]
[0.014491492882370949, 0.010107004083693027]
[0.01013972982764244, 0.007259473670274019]
[0.00946786254644394, 0.015220754779875278]
[0.008563919924199581, 0.008749640546739101]
[0.009522506967186928, 0.008074372075498104]
[0.006520821712911129, 0.010484735481441021]
[0.008879425935447216, 0.006278366316109896]
[0.009388810954988003, 0.008847002871334553]
[0.010576074942946434, 0.0072725932113826275]
[0.009769371710717678, 0.009357983246445656]
[0.007389219477772713, 0.009907961823046207]
[0.00799371488392353, 0.008014666847884655]
[0.009914343245327473, 0.010220394469797611]
[0.009813152253627777, 0.011665129102766514]
[0.007211579475551844, 0.008975191973149776]
[0.007116869557648897, 0.00710071437060833]
[0.008638333529233932, 0.01584593765437603]
[0.008922559209167957, 0.01060436386615038]
[0.0074404943734407425, 0.009792371653020382]
[0.01011563464999199, 0.013320845551788807]
[0.01802579127252102, 0.011687278747558594]
[0.011192243546247482, 0.008862539194524288]
[0.014226684346795082, 0.00848698616027832]
[0.01443032082170248, 0.010544203221797943]
[0.00869330670684576, 0.00981629267334938]
[0.007725696079432964, 0.007583799306303263]
[0.011806986294686794, 0.007050054147839546]
[0.008869215846061707, 0.010116462595760822]
[0.007006260100752115, 0.016429895535111427]
[0.012726292945444584, 0.008496146649122238]
[0.009628401137888432, 0.009117048233747482]
[0.013262731954455376, 0.009565344080328941]
[0.008794207125902176, 0.010104100219905376]
[0.008113774470984936, 0.009572433307766914]
[0.007866363041102886, 0.009920370765030384]
[0.009132718667387962, 0.009128570556640625]
[0.007065713871270418, 0.014913413673639297]
[0.009853732772171497, 0.010177862830460072]
[0.006417848635464907, 0.011341016739606857]
[0.008763383142650127, 0.009207415394484997]
[0.007365136872977018, 0.009283450432121754]
[0.008989265188574791, 0.01767483912408352]
[0.014113880693912506, 0.011081628501415253]
[0.011234710924327374, 0.009256510995328426]
[0.00846179760992527, 0.010859661735594273]
[0.007212035823613405, 0.012873106636106968]
[0.007685804273933172, 0.014175254851579666]
[0.015526702627539635, 0.00864096637815237]
[0.010146643035113811, 0.011496420949697495]
[0.009395603090524673, 0.009535562247037888]
[0.011596730910241604, 0.015098560601472855]
[0.009924217127263546, 0.01032053492963314]
[0.01249094121158123, 0.0058957538567483425]
[0.010509379208087921, 0.006106178276240826]
[0.012621653266251087, 0.00701323663815856]
[0.009269093163311481, 0.008959152735769749]
[0.008670421317219734, 0.012328257784247398]
[0.009442604146897793, 0.012883408926427364]
[0.008721566759049892, 0.00845713634043932]
[0.008361403830349445, 0.008265783078968525]
[0.006826159544289112, 0.009668857790529728]
[0.012529305182397366, 0.012584677897393703]
[0.00703657791018486, 0.009470435790717602]
[0.012896284461021423, 0.011271228082478046]
[0.004815262276679277, 0.009872200898826122]
[0.006820205133408308, 0.00780902337282896]
[0.011696428060531616, 0.013418222777545452]
[0.012625359930098057, 0.011049289256334305]
[0.013963216915726662, 0.012490740977227688]
[0.007548291236162186, 0.012108133174479008]
[0.010613479651510715, 0.010377610102295876]
[0.006417060736566782, 0.008672521449625492]
[0.00723291328176856, 0.010153578594326973]
[0.007171066012233496, 0.011182241141796112]
[0.011270132847130299, 0.011643411591649055]
[0.0076650595292449, 0.009472585283219814]
[0.008515655063092709, 0.008803793229162693]
[0.011151762679219246, 0.011727474629878998]
[0.01129540242254734, 0.010692613199353218]
[0.01157650351524353, 0.009897505864501]
[0.007428963668644428, 0.007428962737321854]
[0.009971659630537033, 0.008667631074786186]
[0.008321513421833515, 0.010770585387945175]
[0.007922067306935787, 0.01187746599316597]
[0.010952191427350044, 0.016876094043254852]
[0.01118682511150837, 0.008471851237118244]
[0.011829117313027382, 0.009371169842779636]
[0.009145294316112995, 0.00934425089508295]
[0.009675700217485428, 0.01207500696182251]
[0.009461766108870506, 0.008706766180694103]
[0.016297854483127594, 0.009456685744225979]
[0.007829554378986359, 0.012923726812005043]
[0.009726809337735176, 0.009628785774111748]
[0.008970487862825394, 0.011142087168991566]
[0.007633008062839508, 0.007719352841377258]
[0.013918930664658546, 0.010339303873479366]
[0.0088912108913064, 0.008350972086191177]
[0.008644544519484043, 0.008859911002218723]
[0.012036895379424095, 0.018357258290052414]
[0.018581658601760864, 0.014011858962476254]
[0.009198297746479511, 0.011681674979627132]
[0.006892872042953968, 0.012133309617638588]
[0.011565842665731907, 0.01032947190105915]
[0.015652114525437355, 0.01741800829768181]
[0.009301724843680859, 0.009066070429980755]
[0.010737884789705276, 0.007450384087860584]
[0.010092498734593391, 0.009230874478816986]
[0.0069986493326723576, 0.011631280183792114]
[0.010455019772052765, 0.012598557397723198]
[0.006667125970125198, 0.011201832443475723]
[0.007942790165543556, 0.009932676330208778]
[0.009082838892936707, 0.008018470369279385]
[0.008716408163309097, 0.01249067485332489]
[0.008963676169514656, 0.006740877404808998]
[0.012631767429411411, 0.009017165750265121]
[0.01935352012515068, 0.010716625489294529]
[0.015769684687256813, 0.016091028228402138]
[0.008956539444625378, 0.01417319756001234]
[0.010912410914897919, 0.008383041247725487]
[0.013124524615705013, 0.009624844416975975]
[0.010100421495735645, 0.010105789639055729]
[0.0066222501918673515, 0.01583731546998024]
[0.012113614939153194, 0.010634837672114372]
[0.008423982188105583, 0.01064161118119955]
[0.010523999109864235, 0.0077162072993814945]
[0.012766134925186634, 0.015812497586011887]
[0.007147426251322031, 0.006828717887401581]
[0.009347357787191868, 0.00889148935675621]
[0.011168290860950947, 0.011000500060617924]
[0.008157019503414631, 0.012729375623166561]
[0.009204263798892498, 0.009142939932644367]
[0.013613538816571236, 0.009540459141135216]
[0.006807092577219009, 0.014875764958560467]
[0.00874375831335783, 0.008975807577371597]
[0.009156844578683376, 0.013091827742755413]
[0.012821605429053307, 0.01106255128979683]
[0.011246236972510815, 0.00865570455789566]
[0.007453617639839649, 0.010634534060955048]
[0.014469442889094353, 0.009980062954127789]
[0.007615482900291681, 0.016444968059659004]
[0.012146293185651302, 0.012883427552878857]
[0.01041525136679411, 0.011553063988685608]
[0.008119543083012104, 0.012565712444484234]
[0.009844392538070679, 0.017569495365023613]
[0.011136493645608425, 0.009188813157379627]
[0.013244176283478737, 0.013283342123031616]
[0.00731583870947361, 0.017992716282606125]
[0.0066639152355492115, 0.013090591877698898]
[0.010614555329084396, 0.015386044979095459]
[0.012121290899813175, 0.01251706387847662]
[0.008250433951616287, 0.01472465693950653]
[0.007665107026696205, 0.010669955983757973]
[0.01105685718357563, 0.01155272126197815]
[0.0067636058665812016, 0.01205014530569315]
[0.01019491720944643, 0.009923216886818409]
[0.008864902891218662, 0.010378300212323666]
[0.011225871741771698, 0.01387410145252943]
[0.010015914216637611, 0.01693498156964779]
[0.00789481122046709, 0.010725931264460087]
[0.012066453695297241, 0.016609707847237587]
[0.013194137252867222, 0.017417248338460922]
[0.00983504205942154, 0.0068129887804389]
[0.01195821538567543, 0.016362009570002556]
[0.00979597494006157, 0.009072679094970226]
[0.00997141283005476, 0.015548220835626125]
[0.008556408807635307, 0.012144342064857483]
[0.009784581139683723, 0.0124110272154212]
[0.008115550503134727, 0.018397731706500053]
[0.012931963428854942, 0.012169638648629189]
[0.013092686422169209, 0.01115117222070694]
[0.010128006339073181, 0.013296080753207207]
[0.017237156629562378, 0.014507335610687733]
[0.01048988476395607, 0.011840988881886005]
[0.007045205216854811, 0.020220398902893066]
[0.012384875677525997, 0.012053477577865124]
[0.013166747987270355, 0.011076954193413258]
[0.014376211911439896, 0.012635094113647938]
[0.009437854401767254, 0.010426916182041168]
[0.014963075518608093, 0.01314012985676527]
[0.010376117192208767, 0.013480824418365955]
[0.010884669609367847, 0.007572101429104805]
[0.008614704944193363, 0.008706752210855484]
[0.010365650989115238, 0.01492876373231411]
[0.009595858864486217, 0.02190922386944294]
[0.010194267146289349, 0.011036673560738564]
[0.007776047568768263, 0.009329093620181084]
[0.011052352376282215, 0.009876467287540436]
[0.01009456068277359, 0.010703136213123798]
[0.010056682862341404, 0.010485837236046791]
[0.0101844547316432, 0.014918198809027672]
[0.012932239100337029, 0.008946803398430347]
[0.009755278006196022, 0.01324685662984848]
[0.010529980063438416, 0.013122650794684887]
[0.00885853637009859, 0.012965289875864983]
[0.01430092565715313, 0.009122679941356182]
[0.012488199397921562, 0.009593764320015907]
[0.009939427487552166, 0.01630607806146145]
[0.011597287841141224, 0.013829438015818596]
[0.011322148144245148, 0.015553267672657967]
[0.01334303617477417, 0.010922381654381752]
[0.012808321043848991, 0.011095094494521618]
[0.0103461854159832, 0.011537844315171242]
[0.00815563090145588, 0.013050070963799953]
[0.008337054401636124, 0.011193286627531052]
[0.011127601377665997, 0.011145763099193573]
[0.014517861418426037, 0.013351012952625751]
[0.007862904109060764, 0.011455829255282879]
[0.012139201164245605, 0.008512190543115139]
[0.010263302363455296, 0.013858727179467678]
[0.009226037189364433, 0.012671985663473606]
[0.009194789454340935, 0.01128143910318613]
[0.01059469673782587, 0.0240633487701416]
[0.006849349942058325, 0.013170137070119381]
[0.008365213871002197, 0.0176067091524601]
[0.00877783726900816, 0.019686195999383926]
[0.016054077073931694, 0.011626419611275196]
[0.008965365588665009, 0.008479312993586063]
[0.009719250723719597, 0.013820276595652103]
[0.013214106671512127, 0.01562552899122238]
[0.007891847752034664, 0.012920862063765526]
[0.007861996069550514, 0.011403646320104599]
[0.010663161054253578, 0.011950824409723282]
[0.011175146326422691, 0.012192628346383572]
[0.007707397453486919, 0.021061476320028305]
[0.007300537545233965, 0.013853892683982849]
[0.010680386796593666, 0.010977200232446194]
[0.008217556402087212, 0.012020818889141083]
[0.007490184158086777, 0.014332118444144726]
[0.007323018740862608, 0.012778413482010365]
[0.008930545300245285, 0.009176240302622318]
[0.010736273601651192, 0.01446138508617878]
[0.012908414006233215, 0.014276592992246151]
[0.005404528230428696, 0.011805870570242405]
[0.010396706871688366, 0.017545834183692932]
[0.007824459113180637, 0.011753070168197155]
[0.006155006587505341, 0.018821222707629204]
[0.009038539603352547, 0.009691762737929821]
[0.007677185349166393, 0.014597460627555847]
[0.021991942077875137, 0.010485416278243065]
[0.011855040676891804, 0.01113793533295393]
[0.009111294522881508, 0.011701604351401329]
[0.008824406191706657, 0.013504180125892162]
[0.012416049838066101, 0.008119489997625351]
[0.009705067612230778, 0.014066273346543312]
[0.007793750613927841, 0.011386235244572163]
[0.012035067193210125, 0.011073926463723183]
[0.007147215306758881, 0.01798049546778202]
[0.005969380494207144, 0.011945122852921486]
[0.0070948414504528046, 0.019053012132644653]
[0.009955308400094509, 0.01310588140040636]
[0.018893800675868988, 0.01667504571378231]
[0.017707670107483864, 0.020307093858718872]
[0.012635608203709126, 0.022134749218821526]
[0.010881106369197369, 0.01718733459711075]
[0.006722951307892799, 0.013421709649264812]
[0.00828435830771923, 0.019276071339845657]
[0.007395237218588591, 0.014321437105536461]
[0.016418397426605225, 0.008752601221203804]
[0.011476791463792324, 0.014307922683656216]
[0.01222566980868578, 0.0125407874584198]
[0.009389816783368587, 0.01470888964831829]
[0.007922297343611717, 0.018173420801758766]
[0.011136768385767937, 0.023729797452688217]
[0.01373361237347126, 0.020950622856616974]
[0.017411038279533386, 0.020297164097428322]
[0.014391065575182438, 0.015672646462917328]
[0.014870565384626389, 0.016950394958257675]
[0.009852772578597069, 0.01362399011850357]
[0.012734373100101948, 0.02352016232907772]
[0.009138975292444229, 0.015545438975095749]
[0.0056736888363957405, 0.010523315519094467]
[0.01180693507194519, 0.01848835125565529]
[0.007825829088687897, 0.016237923875451088]
[0.007703580893576145, 0.012690600007772446]
[0.014656507410109043, 0.013592975214123726]
[0.00910866353660822, 0.016796613112092018]
[0.011830967850983143, 0.010766846127808094]
[0.012142506428062916, 0.019275283440947533]
[0.005298207513988018, 0.00988723337650299]
[0.008395958691835403, 0.010580485686659813]
[0.007378047332167625, 0.01614285632967949]
[0.01201612502336502, 0.013627171516418457]
[0.0098158223554492, 0.007531082257628441]
[0.011102916672825813, 0.018093641847372055]
[0.014125937595963478, 0.009920293465256691]
[0.008638138882815838, 0.00965177547186613]
[0.007879734970629215, 0.010140831582248211]
[0.012248842976987362, 0.010644225403666496]
[0.008119040168821812, 0.029644686728715897]
[0.010235593654215336, 0.01658482663333416]
[0.007016151212155819, 0.01593887060880661]
[0.00863147247582674, 0.011650187894701958]
[0.00984111800789833, 0.013763527385890484]
[0.013153551146388054, 0.010745060630142689]
[0.006361807696521282, 0.014067891985177994]
[0.014096079394221306, 0.011530978605151176]
[0.008542957715690136, 0.018823036924004555]
[0.007670720107853413, 0.011580915190279484]
[0.008356559090316296, 0.0096980519592762]
[0.015549108386039734, 0.010435909032821655]
[0.00839642621576786, 0.01886252500116825]
[0.008419831283390522, 0.013193320482969284]
[0.01874713972210884, 0.0115806944668293]
[0.0087937256321311, 0.015411103144288063]
[0.011234025470912457, 0.010968931019306183]
[0.008263911120593548, 0.010494322516024113]
[0.006489700637757778, 0.016702687367796898]
[0.00876480620354414, 0.016544992104172707]
[0.008232890628278255, 0.01935628429055214]
[0.010894120670855045, 0.011151443235576153]
[0.016618309542536736, 0.010910621844232082]
[0.011136148124933243, 0.01632777415215969]
[0.010225299745798111, 0.010889426805078983]
[0.009202699176967144, 0.020283466205000877]
[0.013176416046917439, 0.013950829394161701]
[0.009734916500747204, 0.013562144711613655]
[0.00973630789667368, 0.011744639836251736]
[0.008527296595275402, 0.01180033478885889]
[0.009985334239900112, 0.01617017760872841]
[0.007404939737170935, 0.012119967490434647]
[0.0073821148835122585, 0.02326086349785328]
[0.014750698581337929, 0.01370168011635542]
[0.008186887949705124, 0.013544172048568726]
[0.011140820570290089, 0.014027008786797523]
[0.011072628200054169, 0.013007879257202148]
[0.016298789530992508, 0.016569651663303375]
[0.008029944263398647, 0.019100287929177284]
[0.008752606809139252, 0.018865175545215607]
[0.02533916011452675, 0.019695958122611046]
[0.006977489218115807, 0.021651243790984154]
[0.013598313555121422, 0.016950365155935287]
[0.011723403818905354, 0.012484900653362274]
[0.008830453269183636, 0.012138070538640022]
[0.007175559643656015, 0.010302895680069923]
[0.010752611793577671, 0.012187921442091465]
[0.013280077837407589, 0.010075125843286514]
[0.010558630339801311, 0.014650309458374977]
[0.00854884646832943, 0.013388494960963726]
[0.01157392282038927, 0.014420880936086178]
[0.010115445591509342, 0.009165613912045956]
[0.00826135091483593, 0.011221456341445446]
[0.010960819199681282, 0.013574066571891308]
[0.0060807629488408566, 0.01804223656654358]
[0.008599964901804924, 0.010746647603809834]
[0.014408501796424389, 0.01062385831028223]
[0.009079409763216972, 0.01342528872191906]
[0.009393622167408466, 0.0225664209574461]
[0.010553503409028053, 0.017570791766047478]
[0.013173544779419899, 0.014408092014491558]
[0.01976430043578148, 0.016332797706127167]
[0.008150877431035042, 0.010114997625350952]
[0.004832750651985407, 0.010202971287071705]
[0.005449094343930483, 0.016581416130065918]
[0.009209242649376392, 0.01677030138671398]
[0.015351071022450924, 0.018152441829442978]
[0.005079170223325491, 0.01145618874579668]
[0.00846590381115675, 0.0154822813346982]
[0.009119585156440735, 0.010531112551689148]
[0.009471343830227852, 0.009148454293608665]
[0.011759767308831215, 0.021334221586585045]
[0.013302864506840706, 0.011961325071752071]
[0.005792341660708189, 0.016040710732340813]
[0.007445853669196367, 0.009803662076592445]
[0.007174436002969742, 0.01198578905314207]
[0.009983863681554794, 0.01135333813726902]
[0.015447812154889107, 0.012358172796666622]
[0.013916946947574615, 0.011251584626734257]
[0.006289753131568432, 0.017606783658266068]
[0.018661970272660255, 0.011590146459639072]
[0.012121906504034996, 0.014268890023231506]
[0.010210989974439144, 0.015198963694274426]
[0.01009769830852747, 0.01370321586728096]
[0.013693888671696186, 0.01663150079548359]
[0.01896122470498085, 0.010855847969651222]
[0.011195330880582333, 0.012913525104522705]
[0.0065146517008543015, 0.020525604486465454]
[0.00978132989257574, 0.015622122213244438]
[0.009440300054848194, 0.015566585585474968]
[0.01523942407220602, 0.025550255551934242]
[0.012019412592053413, 0.013665369711816311]
[0.006976926699280739, 0.007428074721246958]
[0.013522778637707233, 0.01501722726970911]
[0.009887509979307652, 0.014560021460056305]
[0.009123521856963634, 0.016852503642439842]
[0.00784302782267332, 0.010456020012497902]
[0.011593774892389774, 0.017565477639436722]
[0.012240169569849968, 0.009703465737402439]
[0.012288771569728851, 0.015858635306358337]
[0.00713874027132988, 0.012654824182391167]
[0.008518117479979992, 0.021793168038129807]
[0.011671215295791626, 0.010899999178946018]
[0.008879775181412697, 0.01853271573781967]
[0.01457732729613781, 0.022450149059295654]
[0.015106331557035446, 0.014601528644561768]
[0.008922639302909374, 0.013727021403610706]
[0.00916201900690794, 0.014131929725408554]
[0.007335909642279148, 0.018238192424178123]
[0.007576411124318838, 0.013551763258874416]
[0.009941941127181053, 0.011996789835393429]
[0.007776786107569933, 0.026441795751452446]
[0.009970856830477715, 0.01689746230840683]
[0.004846070893108845, 0.014722422696650028]
[0.017324304208159447, 0.011938958428800106]
[0.008024715818464756, 0.01140820886939764]
[0.004630216863006353, 0.01679426059126854]
[0.0047917491756379604, 0.020948676392436028]
[0.006509128492325544, 0.012767956592142582]
[0.0117745790630579, 0.015030132606625557]
[0.00998116284608841, 0.010828633792698383]
[0.006380754988640547, 0.009996166452765465]
[0.0057289693504571915, 0.018153248354792595]
[0.008736829273402691, 0.01182241179049015]
[0.005081554874777794, 0.01497042365372181]
[0.005908078048378229, 0.014709282666444778]
[0.014196247793734074, 0.012643941678106785]
[0.007794287987053394, 0.009823785163462162]
[0.006563371513038874, 0.014768808148801327]
[0.007680014241486788, 0.010326688177883625]
[0.01179812103509903, 0.014706730842590332]
[0.005865438841283321, 0.01531262882053852]
[0.007265630643814802, 0.01303795725107193]
[0.0162336565554142, 0.007789121009409428]
[0.0068159569054841995, 0.008865248411893845]
[0.009725116193294525, 0.011843017302453518]
[0.008365599438548088, 0.011222220957279205]
[0.005541353020817041, 0.011600835248827934]
[0.00984988734126091, 0.012717043980956078]
[0.011619393713772297, 0.014056806452572346]
[0.007305632811039686, 0.012966647744178772]
[0.00786228571087122, 0.010835370980203152]
[0.009353871457278728, 0.013917489908635616]
[0.007386805955320597, 0.011349034495651722]
[0.01006237417459488, 0.009764035232365131]
[0.009466449730098248, 0.008109111338853836]
[0.007669491693377495, 0.01336797047406435]
[0.010394283570349216, 0.02187545970082283]
[0.006825616583228111, 0.017946219071745872]
[0.011354714632034302, 0.01277943141758442]
[0.012358468025922775, 0.013954667374491692]
[0.0050713070668280125, 0.015841713175177574]
[0.011876944452524185, 0.023248594254255295]
[0.02355128526687622, 0.019879600033164024]
[0.011447924189269543, 0.014487582258880138]
[0.011093007400631905, 0.016058215871453285]
[0.014944978058338165, 0.012226914055645466]
[0.010096225887537003, 0.011337206698954105]
[0.01355302706360817, 0.013875051401555538]
[0.010625243186950684, 0.009738431312143803]
[0.009198972955346107, 0.02013280615210533]
[0.019068513065576553, 0.011434610933065414]
[0.00980583019554615, 0.015063900500535965]
[0.009753713384270668, 0.027373705059289932]
[0.007534699514508247, 0.015741711482405663]
[0.011681770905852318, 0.017414437606930733]
[0.01246713101863861, 0.01693090982735157]
[0.007315438240766525, 0.014280297793447971]
[0.012883840128779411, 0.009789420291781425]
[0.01016254909336567, 0.012254138477146626]
[0.012101596221327782, 0.010653939098119736]
[0.01985379308462143, 0.023162618279457092]
[0.01197130884975195, 0.013501816429197788]
[0.008677874691784382, 0.017923111096024513]
[0.006284263916313648, 0.015512335114181042]
[0.014427248388528824, 0.01510948408395052]
[0.013363143429160118, 0.020227454602718353]
[0.018723206594586372, 0.012782692909240723]
[0.011984715238213539, 0.014258217066526413]
[0.005942289251834154, 0.007356405258178711]
[0.01368887722492218, 0.016596419736742973]
[0.008815554901957512, 0.01090617198497057]
[0.01062469370663166, 0.010495241731405258]
[0.009382692165672779, 0.01754043996334076]
[0.010176574811339378, 0.016220053657889366]
[0.0078793466091156, 0.013942151330411434]
[0.009565349668264389, 0.009513067081570625]
[0.01250084675848484, 0.014053027145564556]
[0.011178765445947647, 0.016196010634303093]
[0.010276161134243011, 0.009950931183993816]
[0.009925303049385548, 0.013792404904961586]
[0.011241667903959751, 0.01698005385696888]
[0.013470413163304329, 0.020797157660126686]
[0.019675325602293015, 0.024948960170149803]
[0.009003035724163055, 0.012848111800849438]
[0.006899703294038773, 0.01774555630981922]
[0.012367100454866886, 0.017506232485175133]
[0.01431216113269329, 0.01386263221502304]
[0.006877412553876638, 0.011920849792659283]
[0.00923081859946251, 0.011041956022381783]
[0.009869921021163464, 0.024208052083849907]
[0.025491518899798393, 0.009838763624429703]
[0.017635246738791466, 0.0133167440071702]
[0.011751906014978886, 0.009901707991957664]
[0.016601726412773132, 0.013030235655605793]
[0.00942810159176588, 0.021726956591010094]
[0.009858565405011177, 0.015478256158530712]
[0.00860406830906868, 0.016658587381243706]
[0.009440595284104347, 0.01587950438261032]
[0.016599876806139946, 0.023056281730532646]
[0.009689380414783955, 0.020070455968379974]
[0.008091420866549015, 0.015824152156710625]
[0.009369198232889175, 0.014841458760201931]
[0.00630266685038805, 0.023803289979696274]
[0.015135020017623901, 0.0120558375492692]
[0.00810001976788044, 0.010096882469952106]
[0.007410339545458555, 0.011698792688548565]
[0.012821607291698456, 0.0117827532812953]
[0.01809188909828663, 0.01576841250061989]
[0.00826220866292715, 0.011948531493544579]
[0.012964848428964615, 0.023081673309206963]
[0.009908447973430157, 0.020524192601442337]
[0.011965382844209671, 0.02166103757917881]
[0.015488157980144024, 0.015121386386454105]
[0.011756950058043003, 0.015335040166974068]
[0.010231658816337585, 0.013377359136939049]
[0.012784115970134735, 0.018234318122267723]
[0.019361179322004318, 0.009804945439100266]
[0.02298073284327984, 0.008988456800580025]
[0.011910383589565754, 0.009763699024915695]
[0.022386789321899414, 0.0192906204611063]
[0.010996347293257713, 0.009995766915380955]
[0.01197571586817503, 0.02163729816675186]
[0.012685880064964294, 0.019995568320155144]
[0.010555691085755825, 0.00884184055030346]
[0.008713866584002972, 0.013437926769256592]
[0.008246980607509613, 0.01482801977545023]
[0.010009709745645523, 0.016502058133482933]
[0.011891487054526806, 0.016443300992250443]
[0.015098915435373783, 0.012310950085520744]
[0.006994166877120733, 0.022344030439853668]
[0.010172727517783642, 0.015996504575014114]
[0.015201801434159279, 0.017324555665254593]
[0.008528666570782661, 0.008487500250339508]
[0.009339192882180214, 0.01003238558769226]
[0.009312157519161701, 0.013867796398699284]
[0.014370321296155453, 0.013770613819360733]
[0.011935734190046787, 0.013174845837056637]
[0.029734019190073013, 0.010453804396092892]
[0.04598434269428253, 0.022772125899791718]
[0.02036343514919281, 0.009309987537562847]
[0.024260876700282097, 0.0193133857101202]
[0.012009923346340656, 0.01388013456016779]
[0.014030222781002522, 0.008670026436448097]
[0.019552847370505333, 0.008471298962831497]
[0.011452073231339455, 0.006175458896905184]
[0.010119571350514889, 0.007277993485331535]
[0.009872524067759514, 0.01007963065057993]
[0.010769061744213104, 0.013155296444892883]
[0.012145986780524254, 0.008987002074718475]
[0.01246220525354147, 0.018344389274716377]
[0.017646698281168938, 0.01549950335174799]
[0.01353940088301897, 0.008149806410074234]
[0.009908721782267094, 0.011915821582078934]
[0.018947768956422806, 0.009593653492629528]
[0.008033141493797302, 0.006699963938444853]
[0.014228994958102703, 0.007712679449468851]
[0.01994834467768669, 0.014130224473774433]
[0.012840659357607365, 0.02093980275094509]
[0.020823068916797638, 0.01739211566746235]
[0.01235145702958107, 0.012621109373867512]
[0.009987172670662403, 0.010297765024006367]
[0.011053993366658688, 0.014204617589712143]
[0.007592980749905109, 0.01971348375082016]
[0.013206133618950844, 0.008805562742054462]
[0.008112026378512383, 0.010248125530779362]
[0.010657805018126965, 0.012844588607549667]
[0.020058488473296165, 0.01218785997480154]
[0.011702578514814377, 0.017923949286341667]
[0.015444944612681866, 0.017347481101751328]
[0.008389179594814777, 0.008363821543753147]
[0.008854339830577374, 0.008870357647538185]
[0.007236465346068144, 0.009780430234968662]
[0.020061269402503967, 0.011358548887073994]
[0.011975948698818684, 0.013501233421266079]
[0.006766777019947767, 0.019782593473792076]
[0.01357738021761179, 0.010467994026839733]
[0.008567488752305508, 0.010170326568186283]
[0.01350464578717947, 0.011303161270916462]
[0.009211592376232147, 0.021235449239611626]
[0.010297429747879505, 0.01092135813087225]
[0.011672353371977806, 0.01708346977829933]
[0.012760471552610397, 0.012684252113103867]
[0.008256777189671993, 0.014713210985064507]
[0.012131611816585064, 0.012104148045182228]
[0.01758292317390442, 0.009787419810891151]
[0.03087574616074562, 0.007716609165072441]
[0.014676439575850964, 0.012554909102618694]
[0.013512326404452324, 0.010719516314566135]
[0.01598154753446579, 0.01865595020353794]
[0.012332223355770111, 0.008600698783993721]
[0.019471006467938423, 0.014813948422670364]
[0.014857902191579342, 0.009971988387405872]
[0.010734882205724716, 0.02122846245765686]
[0.009331731125712395, 0.009502031840384007]
[0.014236006885766983, 0.010002844035625458]
[0.009585288353264332, 0.008796928450465202]
[0.018483398482203484, 0.009847833774983883]
[0.01682029664516449, 0.010437206365168095]
[0.01557678822427988, 0.023435194045305252]
[0.0148874307051301, 0.01143523957580328]
[0.00816560722887516, 0.0091010807082057]
[0.014825345017015934, 0.012848936021327972]
[0.01640639454126358, 0.010793768800795078]
[0.012437902390956879, 0.010249056853353977]
[0.014788909815251827, 0.015960389748215675]
[0.0117169339209795, 0.01578959822654724]
[0.019527727738022804, 0.028360730037093163]
[0.01042279601097107, 0.006493101827800274]
[0.02219386398792267, 0.016548551619052887]
[0.01312633790075779, 0.011268818750977516]
[0.01105840690433979, 0.008879332803189754]
[0.012207817286252975, 0.006862735841423273]
[0.020098719745874405, 0.019041070714592934]
[0.01036899909377098, 0.021428829059004784]
[0.023167837411165237, 0.013886277563869953]
[0.015695616602897644, 0.006630462594330311]
[0.018695048987865448, 0.014031694270670414]
[0.008894652128219604, 0.012982047162950039]
[0.012987933121621609, 0.010042380541563034]
[0.016401665285229683, 0.006939125247299671]
[0.018820539116859436, 0.01017362903803587]
[0.010206086561083794, 0.011187315918505192]
[0.015262998640537262, 0.012469655834138393]
[0.013620824553072453, 0.014311538077890873]
[0.01617434248328209, 0.01992626301944256]
[0.010694794356822968, 0.010874570347368717]
[0.01372314803302288, 0.02185686305165291]
[0.013222631067037582, 0.010611183941364288]
[0.010705545544624329, 0.021115055307745934]
[0.015393620356917381, 0.010411476716399193]
[0.009930381551384926, 0.012741184793412685]
[0.01298039872199297, 0.008001081645488739]
[0.01314801350235939, 0.009882883168756962]
[0.017425047233700752, 0.011845201253890991]
[0.010571788996458054, 0.015678273513913155]
[0.015083817765116692, 0.009983750060200691]
[0.00843731127679348, 0.008010553196072578]
[0.008703865110874176, 0.009355266578495502]
[0.018545305356383324, 0.017174992710351944]
[0.013350799679756165, 0.013100792653858662]
[0.012471703812479973, 0.016375817358493805]
[0.008323940448462963, 0.014730903320014477]
[0.010934806428849697, 0.01039181835949421]
[0.01674501970410347, 0.009675560519099236]
[0.012110722251236439, 0.010405085049569607]
[0.011303075589239597, 0.014861105009913445]
[0.00891047716140747, 0.015141282230615616]
[0.01895291730761528, 0.012991804629564285]
[0.012130883522331715, 0.016246795654296875]
[0.02424011565744877, 0.010120604187250137]
[0.012349385768175125, 0.009372558444738388]
[0.011776911094784737, 0.011258790269494057]
[0.012511007487773895, 0.01594052091240883]
[0.011811916716396809, 0.010528660379350185]
[0.014111572876572609, 0.009007656946778297]
[0.014945873990654945, 0.011662747710943222]
[0.013180271722376347, 0.012501290999352932]
[0.01947956718504429, 0.01387906912714243]
[0.014745071530342102, 0.018677953630685806]
[0.015325519256293774, 0.012542289681732655]
[0.008915899321436882, 0.017419425770640373]
[0.010626048780977726, 0.019432729110121727]
[0.010635442100465298, 0.014749924652278423]
[0.01244344376027584, 0.014939399436116219]
[0.009660765528678894, 0.007332522887736559]
[0.010900629684329033, 0.009435276500880718]
[0.008550544269382954, 0.013590443879365921]
[0.01209414191544056, 0.01655556447803974]
[0.01509687677025795, 0.00838661752641201]
[0.016874229535460472, 0.008902519010007381]
[0.017007332295179367, 0.014465072192251682]
[0.023428549990057945, 0.01776217482984066]
[0.009293933399021626, 0.00944195594638586]
[0.010469106957316399, 0.009751337580382824]
[0.009497561492025852, 0.010100366547703743]
[0.022846082225441933, 0.012902365997433662]
[0.011908205226063728, 0.010187034495174885]
[0.01561243087053299, 0.011979537084698677]
[0.012998429127037525, 0.008563913404941559]
[0.01532565988600254, 0.00771609041839838]
[0.016320323571562767, 0.010977963916957378]
[0.009851365350186825, 0.014776267111301422]
[0.010842053219676018, 0.008850371465086937]
[0.02028035745024681, 0.008837749250233173]
[0.01209445483982563, 0.014498669654130936]
[0.018740136176347733, 0.010490591637790203]
[0.014628234319388866, 0.025712430477142334]
[0.02450963295996189, 0.007954004220664501]
[0.013828231021761894, 0.014018882066011429]
[0.013837075792253017, 0.008282054215669632]
[0.00791182555258274, 0.011431490071117878]
[0.013738052919507027, 0.00855635292828083]
[0.012708897702395916, 0.006619464140385389]
[0.024800095707178116, 0.013251841999590397]
[0.01742074266076088, 0.01353088766336441]
[0.020981810986995697, 0.006879359949380159]
[0.020838240161538124, 0.008667862974107265]
[0.015523039735853672, 0.00861200038343668]
[0.009509778581559658, 0.011935224756598473]
[0.007984327152371407, 0.02837398834526539]
[0.013904694467782974, 0.01826334185898304]
[0.013785027898848057, 0.010318142361938953]
[0.01013305876404047, 0.007463478483259678]
[0.014689415693283081, 0.008338007144629955]
[0.022095011547207832, 0.009605981409549713]
[0.010582435876131058, 0.01752152107656002]
[0.008989023976027966, 0.018790604546666145]
[0.014274926856160164, 0.01029969658702612]
[0.016537843272089958, 0.02128327637910843]
[0.011223290115594864, 0.02224920503795147]
[0.020645562559366226, 0.012486934661865234]
[0.008218691684305668, 0.014124657958745956]
[0.01155201904475689, 0.019419889897108078]
[0.016148872673511505, 0.009300988167524338]
[0.019842328503727913, 0.013656513765454292]
[0.008272242732346058, 0.012328607961535454]
[0.017936766147613525, 0.018636014312505722]
[0.011045889928936958, 0.012727044522762299]
[0.014821908436715603, 0.010799207724630833]
[0.011606087908148766, 0.012218334712088108]
[0.01849321275949478, 0.011143427342176437]
[0.017098205164074898, 0.008856916800141335]
[0.012001077644526958, 0.011218242347240448]
[0.010131293907761574, 0.008760622702538967]
[0.018192583695054054, 0.011587558314204216]
[0.009330470114946365, 0.014204217121005058]
[0.009641885757446289, 0.010673646815121174]
[0.01197612565010786, 0.01312157604843378]
[0.013108638115227222, 0.01058540865778923]
[0.012989581562578678, 0.009682537987828255]
[0.011578701436519623, 0.017667017877101898]
[0.012630611658096313, 0.013136100023984909]
[0.009640054777264595, 0.010626407340168953]
[0.00836600735783577, 0.009637467563152313]
[0.010394404642283916, 0.01517494022846222]
[0.017518138512969017, 0.010646441951394081]
[0.023885222151875496, 0.009191795252263546]
[0.015108932740986347, 0.014927159063518047]
[0.01118239015340805, 0.009830314666032791]
[0.01009297650307417, 0.022412342950701714]
[0.015237822197377682, 0.014112137258052826]
[0.01064848992973566, 0.013473277911543846]
[0.008663607761263847, 0.01738601364195347]
[0.011071797460317612, 0.007741988170892]
[0.008601721376180649, 0.008656065911054611]
[0.009872931987047195, 0.016234520822763443]
[0.02562326192855835, 0.013741307891905308]
[0.01714940369129181, 0.014465104788541794]
[0.01680937595665455, 0.01430920884013176]
[0.008607150986790657, 0.015819218009710312]
[0.01967431604862213, 0.01532011292874813]
[0.01629636622965336, 0.013228666968643665]
[0.008251044899225235, 0.008889617398381233]
[0.010811606422066689, 0.014576471410691738]
[0.01578478515148163, 0.01795695535838604]
[0.018053404986858368, 0.018770983442664146]
[0.016407668590545654, 0.02013753354549408]
[0.007254195865243673, 0.00813439954072237]
[0.01513383537530899, 0.010365480557084084]
[0.010220096446573734, 0.013053667731583118]
[0.014681052416563034, 0.017707619816064835]
[0.010786966420710087, 0.006194704212248325]
[0.009179787710309029, 0.018522584810853004]
[0.01512243039906025, 0.0178194809705019]
[0.01579052209854126, 0.012619268149137497]
[0.007448025047779083, 0.01713687740266323]
[0.014107009395956993, 0.0098195169121027]
[0.0061890617944300175, 0.012231513857841492]
[0.014032279141247272, 0.016676640138030052]
[0.006865749601274729, 0.011860210448503494]
[0.011707892641425133, 0.012360433116555214]
[0.011201763525605202, 0.008806269615888596]
[0.01446720864623785, 0.024408288300037384]
[0.009797664359211922, 0.00927365105599165]
[0.009768028743565083, 0.00659060338512063]
[0.015157957561314106, 0.01418028213083744]
[0.014295651577413082, 0.015432118438184261]
[0.011728343553841114, 0.015724023804068565]
[0.01105460710823536, 0.011489618569612503]
[0.00831102579832077, 0.01048080250620842]
[0.012503305450081825, 0.021815987303853035]
[0.00874481350183487, 0.009092425927519798]
[0.009800288826227188, 0.01125921681523323]
[0.008598590269684792, 0.00861339084804058]
[0.013759063556790352, 0.012922384776175022]
[0.015488428995013237, 0.031113673001527786]
[0.014806114137172699, 0.013494306243956089]
[0.01316577848047018, 0.014123598113656044]
[0.00953538529574871, 0.022586263716220856]
[0.007055545225739479, 0.011766541749238968]
[0.00844377838075161, 0.030419213697314262]
[0.015884244814515114, 0.016958104446530342]
[0.0074548982083797455, 0.020238766446709633]
[0.012130758725106716, 0.009081101045012474]
[0.008002537302672863, 0.009863518178462982]
[0.016571030020713806, 0.010000037029385567]
[0.009499077685177326, 0.02344331704080105]
[0.010385794565081596, 0.011897102929651737]
[0.013961290009319782, 0.008643724955618382]
[0.011851419694721699, 0.02424180507659912]
[0.007492750883102417, 0.009993785992264748]
[0.007389438804239035, 0.012397692538797855]
[0.012519391253590584, 0.012750067748129368]
[0.009954327717423439, 0.023037251085042953]
[0.01013075839728117, 0.011916441842913628]
[0.02102791704237461, 0.016863210126757622]
[0.015853658318519592, 0.02229827456176281]
[0.013325613923370838, 0.010168394073843956]
[0.022034291177988052, 0.012405063956975937]
[0.01916665956377983, 0.011987468227744102]
[0.00557843828573823, 0.01125804428011179]
[0.010373536497354507, 0.011158687062561512]
[0.011060597375035286, 0.020294537767767906]
[0.009138076566159725, 0.011479918844997883]
[0.014630614779889584, 0.014317491091787815]
[0.023479629307985306, 0.008627393282949924]
[0.014234470203518867, 0.015411611646413803]
[0.011482958681881428, 0.017660921439528465]
[0.014690866693854332, 0.008706274442374706]
[0.006616297643631697, 0.016131680458784103]
[0.00908692553639412, 0.008475600741803646]
[0.010604266077280045, 0.012274480424821377]
[0.01084820181131363, 0.020127011463046074]
[0.02550337463617325, 0.01424937229603529]
[0.008038165047764778, 0.00846505630761385]
[0.008559564128518105, 0.016733739525079727]
[0.006992036942392588, 0.010622676461935043]
[0.007939456962049007, 0.008122973144054413]
[0.007672237232327461, 0.011478060856461525]
[0.015383107587695122, 0.012788169085979462]
[0.00986679457128048, 0.009338672272861004]
[0.011767561547458172, 0.01871967874467373]
[0.016394993290305138, 0.0062276883982121944]
[0.009685429744422436, 0.006981254555284977]
[0.010760685428977013, 0.016927219927310944]
[0.009896693751215935, 0.013680602423846722]
[0.010943952016532421, 0.019088832661509514]
[0.007685242220759392, 0.0077819135040044785]
[0.015589947812259197, 0.01184486411511898]
[0.02008819952607155, 0.015170746482908726]
[0.014378294348716736, 0.0090035917237401]
[0.012735635042190552, 0.011590027250349522]
[0.017044978216290474, 0.008913238532841206]
[0.01208159513771534, 0.013274280354380608]
[0.02156638726592064, 0.01626039296388626]
[0.010269555263221264, 0.015463326126337051]
[0.011412585154175758, 0.010113460011780262]
[0.019970519468188286, 0.008767222054302692]
[0.02153242751955986, 0.01373029500246048]
[0.009404878132045269, 0.017995718866586685]
[0.009927446953952312, 0.008191721513867378]
[0.010741990059614182, 0.013810518197715282]
[0.03319292515516281, 0.011567357927560806]
[0.0136356670409441, 0.0198050569742918]
[0.011879893019795418, 0.009421221911907196]
[0.012928641401231289, 0.006474831607192755]
[0.0150494035333395, 0.01563330926001072]
[0.009921359829604626, 0.0186478178948164]
[0.0244792178273201, 0.010784542188048363]
[0.008665799163281918, 0.01243493054062128]
[0.006408546585589647, 0.006825058721005917]
[0.009059062227606773, 0.010485872626304626]
[0.013258357532322407, 0.01827991008758545]
[0.010656271129846573, 0.01000566128641367]
[0.007520162966102362, 0.016017014160752296]
[0.009038131684064865, 0.00765585619956255]
[0.01344089675694704, 0.010309838689863682]
[0.00693248026072979, 0.00942587573081255]
[0.008242201060056686, 0.01132069993764162]
[0.012451516464352608, 0.006890980992466211]
[0.019101368263363838, 0.012735172174870968]
[0.023824093863368034, 0.006320922169834375]
[0.007144741714000702, 0.006497151684015989]
[0.02009628526866436, 0.010237161070108414]
[0.009444857016205788, 0.013447469100356102]
