0.0
0.0
0.0
0.0
0.0
0.0
0.0
0.0
0.0
0.0
0.0
0.0
0.0
0.0
0.0
0.0
0.0
0.0
0.0
0.0
0.0
0.0
0.0
0.0
0.0
0.0
0.0
0.0
0.0
0.0
0.0
0.0
0.0
0.0
0.0
0.0
0.0
0.0
0.0025641026023106696
0.002500000037252903
0.002439024426588198
0.002380952416431336
0.0023255814300027003
0.0022727273065935483
0.0022222222553359137
0.0021739130758720894
0.0021276596061726833
0.002083333364377419
0.0020408163569411455
0.0020000000298023225
0.0019607843429434533
0.0019230769517330022
0.0018867924809455872
0.0018518518794465948
0.0018181818452748385
0.0017857143123235022
0.0017543859910546687
0.00172413795672614
0.0016949152794934936
0.0016666666915019354
0.001639344286723215
0.0016129032498405826
0.0015873016109542242
0.0015625000232830644
0.0015384615613864019
0.001515151537729032
0.0014925373356733749
0.00147058825720759
0.0014492753839147263
0.0014285714498588017
0.001408450725212903
0.001388888909584946
0.0013698630341111796
0.0013513513714880556
0.0013333333532015482
0.0013157894932910015
0.0012987013180534562
0.0012820513011553348
0.0012658228036723559
0.0012500000186264515
0.0012345679196310631
0.001219512213294099
0.00120481929506164
0.001190476208215668
0.001176470605766072
0.0011627907150013501
0.0011494253044840932
0.0011363636532967741
0.0011235955223608553
0.0011111111276679568
0.0010989011152760014
0.0010869565379360447
0.001075268833227055
0.0010638298030863416
0.0010526315946328012
0.0010416666821887095
0.0010309278504135682
0.0010204081784705727
0.001010101025152688
0.0010000000149011613
0.0010000000149011613
0.0010000000149011613
0.0010000000149011613
0.0010000000149011613
0.0010000000149011613
0.0010000000149011613
0.0010000000149011613
0.0010000000149011613
0.0010000000149011613
0.0010000000149011613
0.0010000000149011613
0.0010000000149011613
0.0010000000149011613
0.0010000000149011613
0.0010000000149011613
0.0010000000149011613
0.0010000000149011613
0.0010000000149011613
0.0010000000149011613
0.0010000000149011613
0.0010000000149011613
0.0010000000149011613
0.0020000000298023225
0.0020000000298023225
0.0020000000298023225
0.0020000000298023225
0.0020000000298023225
0.0020000000298023225
0.0020000000298023225
0.0020000000298023225
0.0020000000298023225
0.0020000000298023225
0.0020000000298023225
0.0020000000298023225
0.0020000000298023225
0.0020000000298023225
0.0020000000298023225
0.0020000000298023225
0.0010000000149011613
0.0020000000298023225
0.0020000000298023225
0.0020000000298023225
0.0030000000447034836
0.0030000000447034836
0.0030000000447034836
0.0030000000447034836
0.0030000000447034836
0.0030000000447034836
0.0030000000447034836
0.0030000000447034836
0.0030000000447034836
0.004000000059604645
0.004000000059604645
0.005000000074505806
0.006000000089406967
0.006000000089406967
0.006000000089406967
0.006000000089406967
0.006000000089406967
0.006000000089406967
0.006000000089406967
0.006000000089406967
0.006000000089406967
0.006000000089406967
0.006000000089406967
0.006000000089406967
0.006000000089406967
0.006000000089406967
0.006000000089406967
0.006000000089406967
0.006000000089406967
0.006000000089406967
0.006000000089406967
0.006000000089406967
0.006000000089406967
0.006000000089406967
0.006000000089406967
0.006000000089406967
0.007000000104308128
0.007000000104308128
0.007000000104308128
0.007000000104308128
0.007000000104308128
0.007000000104308128
0.007000000104308128
0.00800000011920929
0.009000000134110451
0.009000000134110451
0.009000000134110451
0.009000000134110451
0.009000000134110451
0.009000000134110451
0.009000000134110451
0.009000000134110451
0.009000000134110451
0.009000000134110451
0.010000000149011612
0.010000000149011612
0.010000000149011612
0.011000000163912773
0.012000000178813934
0.012000000178813934
0.012000000178813934
0.012000000178813934
0.012000000178813934
0.012000000178813934
0.012000000178813934
0.012000000178813934
0.012000000178813934
0.012000000178813934
0.013000000193715095
0.013000000193715095
0.013000000193715095
0.013000000193715095
0.013000000193715095
0.013000000193715095
0.013000000193715095
0.013000000193715095
0.013000000193715095
0.013000000193715095
0.013000000193715095
0.013000000193715095
0.012000000178813934
0.012000000178813934
0.012000000178813934
0.012000000178813934
0.012000000178813934
0.012000000178813934
0.012000000178813934
0.012000000178813934
0.012000000178813934
0.012000000178813934
0.012000000178813934
0.012000000178813934
0.012000000178813934
0.012000000178813934
0.012000000178813934
0.012000000178813934
0.012000000178813934
0.011000000163912773
0.011000000163912773
0.011000000163912773
0.010000000149011612
0.010000000149011612
0.010900000166147948
0.010900000166147948
0.010900000166147948
0.010900000166147948
0.010900000166147948
0.010900000166147948
0.010900000166147948
0.009900000151246787
0.009900000151246787
0.008900000136345626
0.007900000121444463
0.007900000121444463
0.007900000121444463
0.007900000121444463
0.007900000121444463
0.007900000121444463
0.007900000121444463
0.007900000121444463
0.007900000121444463
0.007900000121444463
0.007900000121444463
0.007900000121444463
0.007900000121444463
0.007900000121444463
0.007900000121444463
0.007900000121444463
0.007900000121444463
0.007900000121444463
0.007900000121444463
0.007900000121444463
0.007900000121444463
0.007900000121444463
0.007900000121444463
0.007900000121444463
0.006900000106543303
0.006900000106543303
0.006900000106543303
0.006900000106543303
0.006900000106543303
0.006900000106543303
0.006900000106543303
0.005900000091642142
0.00490000007674098
0.00490000007674098
0.00490000007674098
0.00490000007674098
0.00490000007674098
0.00490000007674098
0.00490000007674098
0.00490000007674098
0.00490000007674098
0.00490000007674098
0.004800000078976154
0.004800000078976154
0.004800000078976154
0.003800000064074993
0.002800000049173832
0.002800000049173832
0.002800000049173832
0.002800000049173832
0.002800000049173832
0.002800000049173832
0.002800000049173832
0.002800000049173832
0.002800000049173832
0.002800000049173832
0.0018000000342726708
0.0018000000342726708
0.002800000049173832
0.002800000049173832
0.002800000049173832
0.002800000049173832
0.002800000049173832
0.002800000049173832
0.002800000049173832
0.002800000049173832
0.002800000049173832
0.002800000049173832
0.002800000049173832
0.002800000049173832
0.003800000064074993
0.003800000064074993
0.003800000064074993
0.003800000064074993
0.003800000064074993
0.004800000078976154
0.004800000078976154
0.004800000078976154
0.004800000078976154
0.004800000078976154
0.004800000078976154
0.004800000078976154
0.004800000078976154
0.004800000078976154
0.004800000078976154
0.004800000078976154
0.005800000093877315
0.005800000093877315
0.005800000093877315
0.005800000093877315
0.005800000093877315
0.005800000093877315
0.006800000108778476
0.006800000108778476
0.007800000123679638
0.007800000123679638
0.007800000123679638
0.007800000123679638
0.007800000123679638
0.008800000138580798
0.00980000015348196
0.00980000015348196
0.00980000015348196
0.010800000168383122
0.010800000168383122
0.010800000168383122
0.010800000168383122
0.010800000168383122
0.010800000168383122
0.010800000168383122
0.011800000183284283
0.011800000183284283
0.012800000198185444
0.012800000198185444
0.013800000213086605
0.013800000213086605
0.013800000213086605
0.014800000227987766
0.015800000242888926
0.015800000242888926
0.015800000242888926
0.015800000242888926
0.015800000242888926
0.015800000242888926
0.015800000242888926
0.015800000242888926
0.015800000242888926
0.015800000242888926
0.015800000242888926
0.01680000025779009
0.01680000025779009
0.01680000025779009
0.01680000025779009
0.01680000025779009
0.01680000025779009
0.01680000025779009
0.01780000027269125
0.018800000287592412
0.019800000302493573
0.019800000302493573
0.020800000317394735
0.020800000317394735
0.0199000003002584
0.0199000003002584
0.0199000003002584
0.0199000003002584
0.02090000031515956
0.02190000033006072
0.022900000344961882
0.022900000344961882
0.022900000344961882
0.022900000344961882
0.022900000344961882
0.022900000344961882
0.023900000359863043
0.023900000359863043
0.023900000359863043
0.024900000374764204
0.023900000359863043
0.024900000374764204
0.024900000374764204
0.024900000374764204
0.025900000389665365
0.025900000389665365
0.026900000404566526
0.027900000419467687
0.02890000043436885
0.02890000043436885
0.02890000043436885
0.02890000043436885
0.02890000043436885
0.02890000043436885
0.029800000451505184
0.029800000451505184
0.030800000466406345
0.029800000451505184
0.029800000451505184
0.029800000451505184
0.029800000451505184
0.030800000466406345
0.030800000466406345
0.03180000048130751
0.03180000048130751
0.03280000049620867
0.03380000051110983
0.03380000051110983
0.03380000051110983
0.03380000051110983
0.03380000051110983
0.03380000051110983
0.03290000049397349
0.03390000050887466
0.03290000049397349
0.03390000050887466
0.03390000050887466
0.034900000523775815
0.034900000523775815
0.03590000053867698
0.03690000055357814
0.03590000053867698
0.034900000523775815
0.034900000523775815
0.03590000053867698
0.034900000523775815
0.03590000053867698
0.03590000053867698
0.03590000053867698
0.03590000053867698
0.03590000053867698
0.03590000053867698
0.034900000523775815
0.034900000523775815
0.034900000523775815
0.034900000523775815
0.03390000050887466
0.03390000050887466
0.03390000050887466
0.03390000050887466
0.03290000049397349
0.03290000049397349
0.03390000050887466
0.034900000523775815
0.034900000523775815
0.034900000523775815
0.034900000523775815
0.034900000523775815
0.034900000523775815
0.034900000523775815
0.03590000053867698
0.034900000523775815
0.03590000053867698
0.03590000053867698
0.03590000053867698
0.03590000053867698
0.03690000055357814
0.03690000055357814
0.03590000053867698
0.03590000053867698
0.034900000523775815
0.034900000523775815
0.03390000050887466
0.03390000050887466
0.03390000050887466
0.03390000050887466
0.03390000050887466
0.03390000050887466
0.03290000049397349
0.031900000479072335
0.031900000479072335
0.031900000479072335
0.031900000479072335
0.031900000479072335
0.031900000479072335
0.031900000479072335
0.03090000046417117
0.03090000046417117
0.03090000046417117
0.02990000044927001
0.02990000044927001
0.02890000043436885
0.02890000043436885
0.02890000043436885
0.027900000419467687
0.027900000419467687
0.027900000419467687
0.027900000419467687
0.026900000404566526
0.026900000404566526
0.027900000419467687
0.027900000419467687
0.026900000404566526
0.026900000404566526
0.027000000402331352
0.027000000402331352
0.027000000402331352
0.027000000402331352
0.028000000417232513
0.028000000417232513
0.029000000432133674
0.028000000417232513
0.028000000417232513
0.027000000402331352
0.028000000417232513
0.027000000402331352
0.02600000038743019
0.027000000402331352
0.027000000402331352
0.027000000402331352
0.028000000417232513
0.028000000417232513
0.029000000432133674
0.029000000432133674
0.030000000447034835
0.029000000432133674
0.028000000417232513
0.028000000417232513
0.028000000417232513
0.028000000417232513
0.027000000402331352
0.028000000417232513
0.028000000417232513
0.028000000417232513
0.028000000417232513
0.028000000417232513
0.027000000402331352
0.027000000402331352
0.027000000402331352
0.028000000417232513
0.028000000417232513
0.029000000432133674
0.029000000432133674
0.030000000447034835
0.029000000432133674
0.029000000432133674
0.029000000432133674
0.029000000432133674
0.030000000447034835
0.029000000432133674
0.029000000432133674
0.029000000432133674
0.028000000417232513
0.027000000402331352
0.028000000417232513
0.029000000432133674
0.029000000432133674
0.030000000447034835
0.030000000447034835
0.031000000461935996
0.031000000461935996
0.03200000047683716
0.03200000047683716
0.03200000047683716
0.03300000049173832
0.03300000049173832
0.03300000049173832
0.03400000050663948
0.03500000052154064
0.03400000050663948
0.03400000050663948
0.03400000050663948
0.03400000050663948
0.03400000050663948
0.03400000050663948
0.03500000052154064
0.03500000052154064
0.036000000536441805
0.03700000055134296
0.03700000055134296
0.036000000536441805
0.036000000536441805
0.03700000055134296
0.03800000056624413
0.039000000581145285
0.039000000581145285
0.039000000581145285
0.04000000059604645
0.04000000059604645
0.04100000061094761
0.04100000061094761
0.04100000061094761
0.04100000061094761
0.04200000062584877
0.04200000062584877
0.04200000062584877
0.04100000061094761
0.04100000061094761
0.04100000061094761
0.04100000061094761
0.04100000061094761
0.04100000061094761
0.04200000062584877
0.04200000062584877
0.04100000061094761
0.04200000062584877
0.04100000061094761
0.04100000061094761
0.04100000061094761
0.04100000061094761
0.04000000059604645
0.04000000059604645
0.04100000061094761
0.04100000061094761
0.04100000061094761
0.04100000061094761
0.04100000061094761
0.04100000061094761
0.04100000061094761
0.04100000061094761
0.04000000059604645
0.04000000059604645
0.04000000059604645
0.039000000581145285
0.03800000056624413
0.039000000581145285
0.039000000581145285
0.039000000581145285
0.039000000581145285
0.03800000056624413
0.039000000581145285
0.03800000056624413
0.03800000056624413
0.03800000056624413
0.03800000056624413
0.039000000581145285
0.04000000059604645
0.04100000061094761
0.04200000062584877
0.041900000628083946
0.0429000006429851
0.041900000628083946
0.0429000006429851
0.041900000628083946
0.0429000006429851
0.04390000065788627
0.04390000065788627
0.044900000672787425
0.044900000672787425
0.044900000672787425
0.044900000672787425
0.044900000672787425
0.044900000672787425
0.044900000672787425
0.04390000065788627
0.04390000065788627
0.04390000065788627
0.0429000006429851
0.04390000065788627
0.0429000006429851
0.041900000628083946
0.04090000061318278
0.039900000598281624
0.039900000598281624
0.03890000058338046
0.03890000058338046
0.03890000058338046
0.0379000005684793
0.03690000055357814
0.0379000005684793
0.0379000005684793
0.0379000005684793
0.03890000058338046
0.039900000598281624
0.04090000061318278
0.04090000061318278
0.041900000628083946
0.041900000628083946
0.04090000061318278
0.04090000061318278
0.04090000061318278
0.04090000061318278
0.04090000061318278
0.04090000061318278
0.04090000061318278
0.041900000628083946
0.041900000628083946
0.041900000628083946
0.041900000628083946
0.041900000628083946
0.041900000628083946
0.041900000628083946
0.041900000628083946
0.04090000061318278
0.041900000628083946
0.0429000006429851
0.0429000006429851
0.041900000628083946
0.041900000628083946
0.0429000006429851
0.0429000006429851
0.0429000006429851
0.041900000628083946
0.041900000628083946
0.041900000628083946
0.041900000628083946
0.0429000006429851
0.0429000006429851
0.0429000006429851
0.0429000006429851
0.04390000065788627
0.044900000672787425
0.04390000065788627
0.044900000672787425
0.04390000065788627
0.044900000672787425
0.04590000068768859
0.04590000068768859
0.04590000068768859
0.04590000068768859
0.04690000070258975
0.04690000070258975
0.04690000070258975
0.04690000070258975
0.04790000071749091
0.04790000071749091
0.04890000073239207
0.04890000073239207
0.04890000073239207
0.049900000747293234
0.049900000747293234
0.05090000076219439
0.05090000076219439
0.051900000777095556
0.05090000076219439
0.05090000076219439
0.05090000076219439
0.049900000747293234
0.04890000073239207
0.049000000730156895
0.049000000730156895
0.049000000730156895
0.04800000071525574
0.049000000730156895
0.04800000071525574
0.04700000070035457
0.04800000071525574
0.04700000070035457
0.046000000685453415
0.04700000070035457
0.04800000071525574
0.04800000071525574
0.049000000730156895
0.05000000074505806
0.051000000759959224
0.051000000759959224
0.05200000077486038
0.053000000789761546
0.053000000789761546
0.053000000789761546
0.053000000789761546
0.053000000789761546
0.053000000789761546
0.053000000789761546
0.053000000789761546
0.053000000789761546
0.05200000077486038
0.05200000077486038
0.05200000077486038
0.051000000759959224
0.051000000759959224
0.051000000759959224
0.05000000074505806
0.049000000730156895
0.04800000071525574
0.04700000070035457
0.046000000685453415
0.04500000067055225
0.04500000067055225
0.04500000067055225
0.04500000067055225
0.04500000067055225
0.04400000065565109
0.04300000064074993
0.04200000062584877
0.04100000061094761
0.04100000061094761
0.04090000061318278
0.04090000061318278
0.039900000598281624
0.039900000598281624
0.039900000598281624
0.039900000598281624
0.039900000598281624
0.03890000058338046
0.0379000005684793
0.0379000005684793
0.0379000005684793
0.0379000005684793
0.03690000055357814
0.03590000053867698
0.03590000053867698
0.03590000053867698
0.03590000053867698
0.03590000053867698
0.034900000523775815
0.03390000050887466
0.03390000050887466
0.03290000049397349
0.03290000049397349
0.031900000479072335
0.03090000046417117
0.03090000046417117
0.02990000044927001
0.02990000044927001
0.02890000043436885
0.027900000419467687
0.026900000404566526
0.025900000389665365
0.025900000389665365
0.025900000389665365
0.025900000389665365
0.024900000374764204
0.024900000374764204
0.023900000359863043
0.022900000344961882
0.02190000033006072
0.02090000031515956
0.02190000033006072
0.02190000033006072
0.02090000031515956
0.0199000003002584
0.02090000031515956
0.0199000003002584
0.0199000003002584
0.018900000285357238
0.017900000270456077
0.017900000270456077
0.017900000270456077
0.016900000255554916
0.015900000240653755
0.015900000240653755
0.015900000240653755
0.014900000225752592
0.014900000225752592
0.014900000225752592
0.013900000210851431
0.013900000210851431
0.013900000210851431
0.01290000019595027
0.011900000181049109
0.011900000181049109
0.010900000166147948
0.009900000151246787
0.008900000136345626
0.007900000121444463
0.006900000106543303
0.005900000091642142
0.005800000093877315
0.005800000093877315
0.005800000093877315
0.005800000093877315
0.005800000093877315
0.005800000093877315
0.005800000093877315
0.005800000093877315
0.005800000093877315
0.005800000093877315
0.005800000093877315
0.005800000093877315
0.005800000093877315
0.005800000093877315
0.005800000093877315
0.005800000093877315
0.005800000093877315
0.005800000093877315
0.005800000093877315
0.005800000093877315
0.005800000093877315
0.005800000093877315
0.005800000093877315
0.006800000108778476
0.006800000108778476
0.006800000108778476
0.006800000108778476
0.006800000108778476
0.006800000108778476
0.005900000091642142
0.005900000091642142
0.005900000091642142
0.005900000091642142
0.005900000091642142
0.005900000091642142
0.005900000091642142
0.005900000091642142
0.005900000091642142
0.005900000091642142
0.005900000091642142
0.005900000091642142
0.005900000091642142
0.005900000091642142
0.005900000091642142
0.005900000091642142
0.005900000091642142
0.005900000091642142
0.005900000091642142
0.005900000091642142
0.005900000091642142
0.005900000091642142
0.005900000091642142
0.005900000091642142
0.005900000091642142
0.005900000091642142
0.005900000091642142
0.005900000091642142
0.005900000091642142
0.005900000091642142
0.005900000091642142
0.006900000106543303
0.006900000106543303
0.005900000091642142
0.005900000091642142
0.006900000106543303
0.007900000121444463
0.007900000121444463
0.007900000121444463
0.007900000121444463
0.007900000121444463
0.006900000106543303
0.006900000106543303
0.006900000106543303
0.007900000121444463
0.006900000106543303
0.006900000106543303
0.007900000121444463
0.008800000138580798
0.009700000155717134
0.01060000017285347
0.011500000189989805
0.013500000219792127
0.013500000219792127
0.013500000219792127
0.014500000234693288
0.01550000024959445
0.01650000026449561
0.01750000027939677
0.01750000027939677
0.018500000294297932
0.019500000309199093
0.020500000324100254
0.020500000324100254
0.020500000324100254
0.020500000324100254
0.021500000339001415
0.02240000035613775
0.02240000035613775
0.023400000371038912
0.023400000371038912
0.02350000036880374
0.02350000036880374
0.02350000036880374
0.02350000036880374
0.024500000383704902
0.025500000398606063
0.026500000413507224
0.027500000428408385
0.02840000044554472
0.029400000460445882
0.029400000460445882
0.030400000475347043
0.0314000004902482
0.032400000505149365
0.032400000505149365
0.032400000505149365
0.032400000505149365
0.03340000052005052
0.03340000052005052
0.03340000052005052
0.03440000053495169
0.03440000053495169
0.035400000549852845
0.035400000549852845
0.035400000549852845
0.03640000056475401
0.03640000056475401
0.037400000579655174
0.03840000059455633
0.03840000059455633
0.039400000609457496
0.04040000062435865
0.04140000063925982
0.04140000063925982
0.042400000654160976
0.04340000066906214
0.0444000006839633
0.0444000006839633
0.0444000006839633
0.0444000006839633
0.0444000006839633
0.0444000006839633
0.0444000006839633
0.04540000069886446
0.04640000071376562
0.047400000728666784
0.04840000074356794
0.04840000074356794
0.049400000758469106
0.049400000758469106
0.049400000758469106
0.050400000773370264
0.05140000078827143
0.052400000803172586
0.05340000081807375
0.05440000083297491
0.05540000084787607
0.05640000086277723
0.057400000877678395
0.05840000089257955
0.05840000089257955
0.05940000090748072
0.05940000090748072
0.05940000090748072
0.05840000089257955
0.05840000089257955
0.05940000090748072
0.060400000922381875
0.060400000922381875
0.06140000093728304
0.062400000952184204
0.062400000952184204
0.062400000952184204
0.062400000952184204
0.062400000952184204
0.062400000952184204
0.062400000952184204
0.06250000094994902
0.06160000093281269
0.06070000091567636
0.05980000089854002
0.05880000088363886
0.05980000089854002
0.060800000913441184
0.05980000089854002
0.05980000089854002
0.05880000088363886
0.058700000885874036
0.059700000900775194
0.058700000885874036
0.05770000087097287
0.05770000087097287
0.05860000088810921
0.05950000090524554
0.05950000090524554
0.05950000090524554
0.05860000088810921
0.05860000088810921
0.05860000088810921
0.05960000090301037
0.05860000088810921
0.05960000090301037
0.05960000090301037
0.06060000091791153
0.05960000090301037
0.05960000090301037
0.05860000088810921
0.05860000088810921
0.05770000087097287
0.05770000087097287
0.05770000087097287
0.05770000087097287
0.056700000856071714
0.05570000084117055
0.05570000084117055
0.05570000084117055
0.056700000856071714
0.05570000084117055
0.05570000084117055
0.05660000085830688
0.055600000843405724
0.05660000085830688
0.05660000085830688
0.05660000085830688
0.057600000873208046
0.05660000085830688
0.05860000088810921
0.05860000088810921
0.05960000090301037
0.06060000091791153
0.06060000091791153
0.06160000093281269
0.06160000093281269
0.06260000094771385
0.06160000093281269
0.06060000091791153
0.05960000090301037
0.06060000091791153
0.06160000093281269
0.06360000096261502
0.06360000096261502
0.06460000097751617
0.06460000097751617
0.06360000096261502
0.06360000096261502
0.06360000096261502
0.06260000094771385
0.06260000094771385
0.06250000094994902
0.06350000096485019
0.06450000097975135
0.06450000097975135
0.06450000097975135
0.06450000097975135
0.06450000097975135
0.06440000098198652
0.06440000098198652
0.06440000098198652
0.06540000099688768
0.06440000098198652
0.0643000009842217
0.0643000009842217
0.06530000099912286
0.0662000010162592
0.06720000103116036
0.06820000104606151
0.0681000010482967
0.0681000010482967
0.06910000106319786
0.06910000106319786
0.06910000106319786
0.06910000106319786
0.07010000107809901
0.07010000107809901
0.07110000109300017
0.07210000110790134
0.07210000110790134
0.07410000113770365
0.07510000115260482
0.07610000116750598
0.07710000118240715
0.07710000118240715
0.07710000118240715
0.07710000118240715
0.0781000011973083
0.08010000122711063
0.08110000124201179
0.08120000123977661
0.08120000123977661
0.08220000125467777
0.08320000126957894
0.08320000126957894
0.08330000126734376
0.08240000125020742
0.08340000126510859
0.08340000126510859
0.08340000126510859
0.08440000128000974
0.08430000128224492
0.08430000128224492
0.08530000129714609
0.08630000131204724
0.08630000131204724
0.08530000129714609
0.08630000131204724
0.08630000131204724
0.08720000132918358
0.08720000132918358
0.0892000013589859
0.0892000013589859
0.09020000137388706
0.09020000137388706
0.09320000141859054
0.09510000145062804
0.09510000145062804
0.09600000146776438
0.09600000146776438
0.09690000148490072
0.09690000148490072
0.09700000148266553
0.0980000014975667
0.0980000014975667
0.0980000014975667
0.09790000149980188
0.09790000149980188
0.09880000151693821
0.09780000150203705
0.09780000150203705
0.09680000148713588
0.09680000148713588
0.09680000148713588
0.0957000014744699
0.0957000014744699
0.09560000147670507
0.09660000149160623
0.09660000149160623
0.09750000150874256
0.09650000149384141
0.09650000149384141
0.09550000147894025
0.09550000147894025
0.09550000147894025
0.09640000149607658
0.09740000151097775
0.09640000149607658
0.09640000149607658
0.09740000151097775
0.09840000152587891
0.09850000152364373
0.09850000152364373
0.09850000152364373
0.10140000157058239
0.10140000157058239
0.10140000157058239
0.10130000157281756
0.10140000157058239
0.10130000157281756
0.10130000157281756
0.10030000155791641
0.10430000161752105
0.10430000161752105
0.10430000161752105
0.10420000161975622
0.10420000161975622
0.10420000161975622
0.10420000161975622
0.10420000161975622
0.10420000161975622
0.10420000161975622
0.10320000160485505
0.1022000015899539
0.1022000015899539
0.1022000015899539
0.10210000159218907
0.10210000159218907
0.10200000159442425
0.10190000159665942
0.09980000156909227
0.09980000156909227
0.09980000156909227
0.09980000156909227
0.09980000156909227
0.09980000156909227
0.09970000157132745
0.09970000157132745
0.09770000154152512
0.0976000015437603
0.09860000155866146
0.09850000156089664
0.09850000156089664
0.09850000156089664
0.09850000156089664
0.09850000156089664
0.0995000015757978
0.10040000159293413
0.10040000159293413
0.10130000161007047
0.10130000161007047
0.1014000016078353
0.1014000016078353
0.1014000016078353
0.10040000159293413
0.1014000016078353
0.10230000162497163
0.10130000161007047
0.10130000161007047
0.10040000159293413
0.10130000161007047
0.1003000015951693
0.1003000015951693
0.1003000015951693
0.1003000015951693
0.09820000156760215
0.09730000155046582
0.09820000156760215
0.09920000158250332
0.09920000158250332
0.09930000158026814
0.1003000015951693
0.1003000015951693
0.1003000015951693
0.1003000015951693
0.10020000159740448
0.1003000015951693
0.1003000015951693
0.10040000159293413
0.09940000157803297
0.09940000157803297
0.09940000157803297
0.09930000158026814
0.09920000158250332
0.09920000158250332
0.09920000158250332
0.09930000158026814
0.09930000158026814
0.1003000015951693
0.10040000159293413
0.1014000016078353
0.1014000016078353
0.1014000016078353
0.10240000162273645
0.10230000162497163
0.10230000162497163
0.10230000162497163
0.10320000164210796
0.10320000164210796
0.10320000164210796
0.10320000164210796
0.10320000164210796
0.10320000164210796
0.10320000164210796
0.1022000016272068
0.10210000162944198
0.10200000163167715
0.10210000162944198
0.10210000162944198
0.1022000016272068
0.10210000162944198
0.10210000162944198
0.09910000158473849
0.09920000158250332
0.09910000158473849
0.09920000158250332
0.09930000158026814
0.09930000158026814
0.09830000156536699
0.0984000015631318
0.0984000015631318
0.0984000015631318
0.09930000158026814
0.09930000158026814
0.09930000158026814
0.09930000158026814
0.09940000157803297
0.09940000157803297
0.09850000156089664
0.09860000155866146
0.09870000155642629
0.09870000155642629
0.09770000154152512
0.09670000152662396
0.09660000152885914
0.09560000151395798
0.09560000151395798
0.09560000151395798
0.09550000151619314
0.09560000151395798
0.094500001501292
0.09360000148415565
0.09350000148639083
0.093400001488626
0.093400001488626
0.09330000149086118
0.09330000149086118
0.093400001488626
0.093400001488626
0.09350000148639083
0.09350000148639083
0.09350000148639083
0.094500001501292
0.09440000150352716
0.09440000150352716
0.09440000150352716
0.09550000151619314
0.09650000153109431
0.09650000153109431
0.09650000153109431
0.09560000151395798
0.09560000151395798
0.09560000151395798
0.09560000151395798
0.09560000151395798
0.09570000151172281
0.09570000151172281
0.09580000150948763
0.09480000149458646
0.09480000149458646
0.09580000150948763
0.09580000150948763
0.09580000150948763
0.09570000151172281
0.09560000151395798
0.09560000151395798
0.09560000151395798
0.0976000015437603
0.09750000154599547
0.0984000015631318
0.09830000156536699
0.09930000158026814
0.09940000157803297
0.09940000157803297
0.0995000015757978
0.09940000157803297
0.09930000158026814
0.09920000158250332
0.09920000158250332
0.09920000158250332
0.09920000158250332
0.09920000158250332
0.09920000158250332
0.09920000158250332
0.09930000158026814
0.0984000015631318
0.0984000015631318
0.09750000154599547
0.09750000154599547
0.09750000154599547
0.09750000154599547
0.09740000154823064
0.09730000155046582
0.09730000155046582
0.0953000015206635
0.09540000151842833
0.09550000151619314
0.09540000151842833
0.0953000015206635
0.09520000152289868
0.0953000015206635
0.09520000152289868
0.09620000153779984
0.09620000153779984
0.09630000153556466
0.09630000153556466
0.09630000153556466
0.09620000153779984
0.09620000153779984
0.09610000154003501
0.09610000154003501
0.09610000154003501
0.09520000152289868
0.09620000153779984
0.09610000154003501
0.09610000154003501
0.09610000154003501
0.09610000154003501
0.09710000155493617
0.09710000155493617
0.09710000155493617
0.09710000155493617
0.0980000015720725
0.09890000158920884
0.09900000158697367
0.09990000160411
0.10000000160187483
0.09990000160411
0.09990000160411
0.09990000160411
0.10000000160187483
0.10100000161677598
0.10110000161454082
0.10120000161230563
0.10110000161454082
0.10120000161230563
0.10120000161230563
0.10010000159963965
0.10010000159963965
0.10010000159963965
0.10000000160187483
0.09990000160411
0.09890000158920884
0.09900000158697367
0.09890000158920884
0.09890000158920884
0.09790000157430769
0.09790000157430769
0.09790000157430769
0.09890000158920884
0.09890000158920884
0.09890000158920884
0.09880000159144402
0.09880000159144402
0.09780000157654285
0.09780000157654285
0.09780000157654285
0.09770000157877803
0.09770000157877803
0.09770000157877803
0.09670000156387687
0.09660000156611204
0.09660000156611204
0.09660000156611204
0.09670000156387687
0.09780000157654285
0.09780000157654285
0.0957000015489757
0.09580000154674054
0.09590000154450536
0.09600000154227019
0.09500000152736902
0.09500000152736902
0.09510000152513384
0.09510000152513384
0.09520000152289868
0.09520000152289868
0.0953000015206635
0.09430000150576234
0.09420000150799751
0.09420000150799751
0.09420000150799751
0.09420000150799751
0.09420000150799751
0.09420000150799751
0.09610000154003501
0.09610000154003501
0.09710000155493617
0.09810000156983734
0.0980000015720725
0.0980000015720725
0.09810000156983734
0.09820000156760215
0.09820000156760215
0.09830000156536699
0.09730000155046582
0.09730000155046582
0.09740000154823064
0.09750000154599547
0.0976000015437603
0.0976000015437603
0.09860000155866146
0.09750000154599547
0.09740000154823064
0.09740000154823064
0.09740000154823064
0.09740000154823064
0.09750000154599547
0.09750000154599547
0.0976000015437603
0.0976000015437603
0.0976000015437603
0.09860000155866146
0.09860000155866146
0.09870000155642629
0.09870000155642629
0.1007000015862286
0.1007000015862286
0.1007000015862286
0.09970000157132745
0.09970000157132745
0.1007000015862286
0.10080000158399344
0.10080000158399344
0.10080000158399344
0.10090000158175826
0.10090000158175826
0.10090000158175826
0.10100000157952309
0.10190000159665942
0.10190000159665942
0.10190000159665942
0.10280000161379575
0.10280000161379575
0.10390000162646175
0.10390000162646175
0.10390000162646175
0.10400000162422657
0.10400000162422657
0.10400000162422657
0.10510000163689255
0.10610000165179372
0.10700000166893005
0.10800000168383121
0.10810000168159604
0.10800000168383121
0.10800000168383121
0.10800000168383121
0.10800000168383121
0.1079000016860664
0.1079000016860664
0.10780000168830156
0.10690000167116523
0.1068000016734004
0.10770000169053674
0.10770000169053674
0.1087000017054379
0.10780000168830156
0.1079000016860664
0.10780000168830156
0.10770000169053674
0.10780000168830156
0.10980000171810389
0.11090000173076987
0.1118000017479062
0.1118000017479062
0.11280000176280737
0.11290000176057219
0.11290000176057219
0.11290000176057219
0.11290000176057219
0.11490000179037452
0.11490000179037452
0.11490000179037452
0.11490000179037452
0.12390000192448497
0.12400000192224979
0.12500000193715097
0.1260000019520521
0.12610000194981694
0.12610000194981694
0.1260000019520521
0.12700000196695327
0.1320000020414591
0.13300000205636026
0.13610000209882855
0.13610000209882855
0.13610000209882855
0.13610000209882855
0.13720000211149455
0.13820000212639572
0.13820000212639572
0.13920000214129685
0.14020000215619802
0.14020000215619802
0.14220000218600035
0.14220000218600035
0.1432000022009015
0.1432000022009015
0.14720000226050614
0.14920000229030847
0.1493000022880733
0.1554000023752451
0.15550000237300993
0.15750000240281226
0.1585000024177134
0.1585000024177134
0.16550000252202154
0.16450000250712038
0.16550000252202154
0.16650000253692268
0.16750000255182385
0.17750000270083546
0.17750000270083546
0.17750000270083546
0.17850000271573663
0.17750000270083546
0.1795000027306378
0.19050000289455057
0.19350000293925404
0.199500003028661
0.199500003028661
0.21050000319257378
0.21160000320523978
0.2136000032350421
0.21760000329464674
0.22460000339895486
0.22670000342652202
0.23270000351592898
0.23170000350102782
0.25670000387355685
0.25670000387355685
0.25980000391602515
0.26080000393092634
0.26580000400543213
0.26580000400543213
0.26580000400543213
0.26580000400543213
0.26680000402033327
0.26680000402033327
0.26580000400543213
0.26590000400319697
0.2650000039860606
0.26400000397115947
0.26400000397115947
0.2641000039689243
0.2641000039689243
0.2641000039689243
0.27010000405833123
0.2742000041157007
0.2742000041157007
0.27430000411346556
0.2753000041283667
0.2764000041410327
0.2765000041387975
0.28540000427514317
0.28540000427514317
0.2864000042900443
0.2864000042900443
0.2895000043325126
0.29060000434517863
0.29160000436007977
0.29660000443458556
0.2956000044196844
0.29470000440254807
0.29370000438764693
0.29270000437274574
0.29270000437274574
0.29270000437274574
0.29570000441744926
0.29570000441744926
0.29470000440254807
0.29570000441744926
0.2967000044323504
0.29770000444725153
0.28970000432804227
0.28970000432804227
0.28970000432804227
0.29060000434517863
0.29060000434517863
0.2905000043474138
0.29060000434517863
0.28960000433027744
0.2856000042706728
0.28460000425577164
0.2816000042110682
0.2856000042706728
0.286600004285574
0.2856000042706728
0.28460000425577164
0.28360000424087045
0.28360000424087045
0.2826000042259693
0.2826000042259693
0.28360000424087045
0.2826000042259693
0.2826000042259693
0.2816000042110682
0.2826000042259693
0.2816000042110682
0.280600004196167
0.28460000425577164
0.27860000416636466
0.27860000416636466
0.2766000041365623
0.2756000041216612
0.2756000041216612
0.26860000401735307
0.2706000040471554
0.2706000040471554
0.2706000040471554
0.2706000040471554
0.2626000039279461
0.26360000394284727
0.26360000394284727
0.26360000394284727
0.26360000394284727
0.2626000039279461
0.2516000037640333
0.25060000374913216
0.24760000370442867
0.24760000370442867
0.23760000355541705
0.23960000358521938
0.23860000357031821
0.2366000035405159
0.23060000345110893
0.23360000349581242
0.22760000340640546
0.2297000034339726
0.20570000307634473
0.20770000310614706
0.2067000030912459
0.20470000306144356
0.19970000298693777
0.20070000300183893
0.20070000300183893
0.20170000301674007
0.20070000300183893
0.20170000301674007
0.20170000301674007
0.20070000300183893
0.20770000310614706
0.21070000315085052
0.21070000315085052
0.21070000315085052
0.21070000315085052
0.2117000031657517
0.2067000030912459
0.20270000303164123
0.20270000303164123
0.20270000303164123
0.20270000303164123
0.20170000301674007
0.20170000301674007
0.19280000288039445
0.19180000286549329
0.19280000288039445
0.19280000288039445
0.18980000283569098
0.18880000282078982
0.18780000280588866
0.18080000270158053
0.18080000270158053
0.18080000270158053
0.18080000270158053
0.18080000270158053
0.17980000268667937
0.17980000268667937
0.17680000264197587
0.17680000264197587
0.1758000026270747
0.17480000261217354
0.1738000025972724
0.17280000258237124
0.17280000258237124
0.17280000258237124
0.17180000256747008
0.17090000255033375
0.17090000255033375
0.17000000253319741
0.17000000253319741
0.17000000253319741
0.17000000253319741
0.17000000253319741
0.16990000253543258
0.16590000247582792
0.16490000246092676
0.16490000246092676
0.16490000246092676
0.16490000246092676
0.16490000246092676
0.16490000246092676
0.16390000244602562
0.16290000243112446
0.16290000243112446
0.1619000024162233
0.1619000024162233
0.16090000240132213
0.15690000234171747
0.15590000232681633
0.15590000232681633
0.15590000232681633
0.15590000232681633
0.1619000024162233
0.16990000253543258
0.17890000266954303
0.1828000027500093
0.18180000273510813
0.18080000272020696
0.18180000273510813
0.1858000027947128
0.18380000276491046
0.2008000030182302
0.21080000316724182
0.21380000321194528
0.21280000319704415
0.2268000034056604
0.22880000343546272
0.22880000343546272
0.23280000349506735
0.2318000034801662
0.23780000356957318
0.236800003554672
0.23580000353977085
0.24080000361427664
0.23980000359937548
0.236800003554672
0.23780000356957318
0.23580000353977085
0.23480000352486968
0.23280000349506735
0.23080000346526502
0.23280000349506735
0.2318000034801662
0.23080000346526502
0.23080000346526502
0.2298000034503639
0.2298000034503639
0.23580000353977085
0.23580000353977085
0.2448000036738813
0.23780000356957318
0.23480000352486968
0.23580000353977085
0.23580000353977085
0.23980000359937548
0.2388000035844743
0.23780000356957318
0.2538000038079917
0.2548000038228929
0.26380000395700337
0.2648000039719045
0.2698000040464103
0.2728000040911138
0.2828000042401254
0.2907000043615699
0.3017000045254827
0.3096000046469271
0.31160000467672944
0.31960000479593875
0.321600004825741
0.32360000485554336
0.3256000048853457
0.3266000049002469
0.33550000505521893
0.33750000508502126
0.3455000052042305
0.3465000052191317
0.34750000523403285
0.34850000524893404
0.34850000524893404
0.3525000053085387
0.3515000052936375
0.3575000053830445
0.3565000053681433
0.3575000053830445
0.35850000539794563
0.35850000539794563
0.36050000542774796
0.36050000542774796
0.3625000054575503
0.36550000550225376
0.36550000550225376
0.36650000551715495
0.3656000055000186
0.3676000055298209
0.36860000554472205
0.36960000555962325
0.3726000056043267
0.3716000055894256
0.3726000056043267
0.3786000056937337
0.37960000570863484
0.3856000057980418
0.3886000058427453
0.3886000058427453
0.3925000059045851
0.3925000059045851
0.3965000059641898
0.3975000059790909
0.3975000059790909
0.3975000059790909
0.3975000059790909
0.391500005889684
0.3875000058300793
0.37950000571087
0.37560000563040374
0.37560000563040374
0.37660000564530494
0.3776000056602061
0.3746000056155026
0.37560000563040374
0.35860000537708403
0.3506000052578747
0.34660000519827006
0.3505000052601099
0.3345000050216913
0.33650000505149363
0.33650000505149363
0.3285000049322844
0.3295000049471855
0.32650000490248204
0.3245000048726797
0.32550000488758085
0.3185000047832727
0.32650000490248204
0.3245000048726797
0.32550000488758085
0.32650000490248204
0.3275000049173832
0.3275000049173832
0.32650000490248204
0.32550000488758085
0.32550000488758085
0.3305000049620867
0.33950000509619715
0.3475000052154064
0.3505000052601099
0.34450000517070295
0.3465000052005053
0.3424000051431358
0.3424000051431358
0.3424000051431358
0.3434000051580369
0.3434000051580369
0.33840000508353113
0.33740000506863
0.33840000508353113
0.32240000484511255
0.3214000048302114
0.3134000047110021
0.3204000048153102
0.32340000486001375
0.3214000048302114
0.3134000047110021
0.30550000458955767
0.29250000439584256
0.2846000042743981
0.28560000428929927
0.2846000042743981
0.2866000043042004
0.2866000043042004
0.2866000043042004
0.28860000433400274
0.2797000041790307
0.27770000414922835
0.28870000431314113
0.28770000429823994
0.28770000429823994
0.2857000042684376
0.2847000042535365
0.28770000429823994
0.28870000431314113
0.28770000429823994
0.28770000429823994
0.2857000042684376
0.2857000042684376
0.2857000042684376
0.2847000042535365
0.2857000042684376
0.2837000042386353
0.28970000432804227
0.2907000043429434
0.29270000437274574
0.2917000043578446
0.2917000043578446
0.29370000438764693
0.29270000437274574
0.2907000043429434
0.29470000440254807
0.29970000447705386
0.29570000441744926
0.29470000440254807
0.29470000440254807
0.3047000045515597
0.3087000046111643
0.3068000045791268
0.3068000045791268
0.3048000045493245
0.3058000045642257
0.3008000044897199
0.31580000471323727
0.3258000048622489
0.3248000048473477
0.33780000504106283
0.33880000505596397
0.33880000505596397
0.33880000505596397
0.3478000051900744
0.3478000051900744
0.3458000051602721
0.34480000514537096
0.3438000051304698
0.35080000523477795
0.3528000052645803
0.3509000052325428
0.3569000053219497
0.3579000053368509
0.35890000535175204
0.35990000536665323
0.35890000535175204
0.3569000053219497
0.36590000545606016
0.36390000542625783
0.3729000055603683
0.364900005441159
0.3699000055156648
0.37690000561997294
0.37690000561997294
0.3759000056050718
0.3759000056050718
0.38490000573918226
0.39490000588819385
0.39490000588819385
0.3909000058285892
0.395900005903095
0.40590000605210663
0.4029000060074031
0.401900005992502
0.41290000615641476
0.4120000061392784
0.4120000061392784
0.4140000061690807
0.4130000061541796
0.4130000061541796
0.4150000061839819
0.4190000062435865
0.42400000631809237
0.42700000636279584
0.4300000064074993
0.428000006377697
0.42200000628829004
0.4140000061690807
0.4140000061690807
0.4120000061392784
0.43200000643730163
0.43400000646710396
0.43400000646710396
0.4310000064224005
0.42900000639259817
0.4250000063329935
0.42200000628829004
0.4190000062435865
0.42600000634789464
0.4250000063329935
0.4380000065267086
0.42100000627338885
0.4200000062584877
0.4190000062435865
0.42100000627338885
0.4230000063031912
0.4180000062286854
0.4200000062584877
0.4150000061839819
0.4150000061839819
0.4170000062137842
0.41600000619888305
0.4150000061839819
0.4150000061839819
0.4140000061690807
0.4200000062584877
0.41000000610947607
0.41000000610947607
0.4140000061690807
0.4150000061839819
0.4200000062584877
0.4170000062137842
0.4190000062435865
0.4199000062607229
0.4169000062160194
0.4109000061266124
0.42390000632032754
0.4249000063352287
0.4189000062458217
0.41290000615641476
0.4099000061117113
0.40790000608190896
0.420900006275624
0.4189000062458217
0.4178000062331557
0.41980000626295805
0.4048000060394406
0.39680000592023135
0.4178000062331557
0.40180000599473714
0.3998000059649348
0.4108000061288476
0.4108000061288476
0.400800005979836
0.4128000061586499
0.4178000062331557
0.4178000062331557
0.4178000062331557
0.40880000609904527
0.42980000641196964
0.43180000644177197
0.4348000064864755
0.42980000641196964
0.4418000065907836
0.4598000068590045
0.46180000688880685
0.46580000694841145
0.456800006814301
0.462800006903708
0.46180000688880685
0.46180000688880685
0.456800006814301
0.45080000672489406
0.4498000067099929
0.45380000676959753
0.45380000676959753
0.46680000696331264
0.4578000068292022
0.46870000699535014
0.4717000070400536
0.4587000068463385
0.4427000066079199
0.4427000066079199
0.4427000066079199
0.436700006518513
0.4327000064589083
0.4327000064589083
0.43170000644400713
0.43970000656321645
0.43970000656321645
0.4387000065483153
0.4357000065036118
0.43060000643134116
0.4276000063866377
0.4326000064611435
0.43360000647604463
0.43360000647604463
0.43360000647604463
0.4376000065356493
0.4376000065356493
0.4276000063866377
0.4266000063717365
0.4276000063866377
0.43060000643134116
0.4276000063866377
0.4276000063866377
0.43060000643134116
0.4566000068187714
0.45160000674426554
0.47760000713169576
0.4676000069826841
0.491600007340312
0.5066000075638294
