-0.005696994252502918
-0.003931132494471967
-0.006262867478653789
-0.004262190079316497
-0.00510795321315527
-0.005957704037427902
-0.008569052908569574
-0.009705673437565565
-0.009300767676904798
-0.010081474669277668
-0.009176752530038357
-0.009178351378068328
-0.012076674029231071
-0.010069469921290874
-0.01236240565776825
-0.01142096659168601
-0.010931934230029583
-0.01267588371410966
-0.01296580396592617
-0.012443925254046917
-0.013635249808430672
-0.010872206650674343
-0.01034526526927948
-0.01349499449133873
-0.013723894953727722
-0.013140877708792686
-0.013077545911073685
-0.01363129960373044
-0.015201543923467398
-0.011887999717146158
-0.013131338637322187
-0.015689963474869728
-0.01580480020493269
-0.015080905985087156
-0.013604376465082169
-0.014235685113817453
-0.014436332043260336
-0.016077338252216578
-0.01646086247637868
-0.01640826603397727
-0.015344103332608938
-0.015548150520771742
-0.015185103751718998
-0.014482179656624794
-0.015901841688901186
-0.014853222295641899
-0.015039794147014618
-0.014197432436048985
-0.016994070261716843
-0.016820214688777924
-0.016427170019596815
-0.01709805242717266
-0.015452125109732151
-0.014969738200306892
-0.016286400146782398
-0.016129350289702415
-0.015150891151279211
-0.01686091348528862
-0.016567704267799854
-0.0167464017868042
-0.018556082621216774
-0.017444939352571964
-0.018872586078941822
-0.017316491808742285
-0.016215217299759388
-0.02012934908270836
-0.01769317965954542
-0.016876487527042627
-0.016510409768670797
-0.016038043424487114
-0.01855573244392872
-0.017871269024908543
-0.01916920579969883
-0.017801121808588505
-0.01978244725614786
-0.018071253318339586
-0.017251573503017426
-0.020017522387206554
-0.016712574288249016
-0.019199473783373833
-0.017170511186122894
-0.01870918460190296
-0.01775777619332075
-0.01811982225626707
-0.018329421058297157
-0.01639476278796792
-0.01979964319616556
-0.016469614580273628
-0.019015762023627758
-0.016635162755846977
-0.02002155687659979
-0.0184870520606637
-0.018119380809366703
-0.01980823092162609
-0.01858595572412014
-0.018130000215023756
-0.020024649798870087
-0.01654827781021595
-0.018145943991839886
-0.01929236762225628
-0.018552684225142002
-0.01952345483005047
-0.017734723165631294
-0.020291284658014774
-0.02040533907711506
-0.01908227987587452
-0.0187971331179142
-0.01626970525830984
-0.017334087751805782
-0.017295818775892258
-0.018036372028291225
-0.02024005725979805
-0.017876367084681988
-0.018995845690369606
-0.017075073905289173
-0.01906435750424862
-0.01779940538108349
-0.017580546438694
-0.01977583020925522
-0.01763175241649151
-0.018898330628871918
-0.018669644370675087
-0.01933326292783022
-0.01925460621714592
-0.019365341402590275
-0.018416594713926315
-0.01873613055795431
-0.019188877195119858
-0.017006032168865204
-0.019473993219435215
-0.019161200150847435
-0.02013960387557745
-0.019778101705014706
-0.018509261310100555
-0.020149249583482742
-0.018474839627742767
-0.020863529294729233
-0.018920375034213066
-0.01727315504103899
-0.018437955528497696
-0.020071099512279034
-0.017500308342278004
-0.02079084049910307
-0.019526311196386814
-0.019173665903508663
-0.019410542212426662
-0.01762729650363326
-0.018641370348632336
-0.01868573948740959
-0.019807498902082443
-0.02141647506505251
-0.020256883464753628
-0.01929532829672098
-0.018667394295334816
-0.017977584153413773
-0.018979553133249283
-0.01988193392753601
-0.01918912399560213
-0.01913692057132721
-0.019299127161502838
-0.01890120469033718
-0.017907798290252686
-0.017243169248104095
-0.017814460210502148
-0.020124192349612713
-0.02032578829675913
-0.02034074440598488
-0.020910770632326603
-0.01802123337984085
-0.018488455563783646
-0.018016649410128593
-0.019221939146518707
-0.019134466536343098
-0.01928174402564764
-0.018449758179485798
-0.019475970417261124
-0.0174147579818964
-0.018654698505997658
-0.018069795332849026
-0.01844403613358736
-0.01750973518937826
-0.019660593941807747
-0.018068118952214718
-0.019244803115725517
-0.01874264981597662
-0.015914867632091045
-0.018944570794701576
-0.017899654805660248
-0.01786142960190773
-0.02022799849510193
-0.01812131330370903
-0.019762888550758362
-0.01855978835374117
-0.01689533144235611
-0.017132434993982315
-0.017145494930446148
-0.02114128228276968
-0.018671134486794472
-0.01992509514093399
-0.01626405492424965
-0.01723442878574133
-0.01934320293366909
-0.017626633867621422
-0.02094783540815115
-0.02082063164561987
-0.019755128771066666
-0.01691676303744316
-0.017784477211534977
-0.015397398732602596
-0.019294224679470062
-0.017700166441500187
-0.019941589795053005
-0.01726179849356413
-0.022500046528875828
-0.01698655914515257
-0.02011118922382593
-0.020892133936285973
-0.018546664156019688
-0.017854997888207436
-0.01725333370268345
-0.019530272111296654
-0.01699664443731308
-0.020717356353998184
-0.017776147462427616
-0.01861618459224701
-0.01772407814860344
-0.02175743132829666
-0.0197543753311038
-0.018599788658320904
-0.020425230264663696
-0.019990080036222935
-0.01997754815965891
-0.019948476925492287
-0.01927507482469082
-0.01948431320488453
-0.017910178750753403
-0.01906505599617958
-0.018650478683412075
-0.018829837441444397
-0.01961356308311224
-0.020771912299096584
-0.017988900654017925
-0.016359508503228426
-0.019114444963634014
-0.018834476359188557
-0.017660981975495815
-0.01974297408014536
-0.019027377478778362
-0.01867712941020727
-0.018097435124218464
-0.019778168760240078
-0.017823289148509502
-0.019824310205876827
-0.01957619283348322
-0.017520365305244923
-0.019985844381153584
-0.01869836635887623
-0.018232240341603756
-0.01882980950176716
-0.018198161385953426
-0.019437464885413647
-0.017836919054389
-0.01840063463896513
-0.018907126039266586
-0.017562455497682095
-0.0214909166097641
-0.018663238268345594
-0.019733650609850883
-0.017676024697721004
-0.017388501204550266
-0.02027415670454502
-0.017893698066473007
-0.01845369953662157
-0.01941814459860325
-0.017638910561800003
-0.01869587879627943
-0.020964711904525757
-0.017572440207004547
-0.016264113131910563
-0.0187922278419137
-0.01754163857549429
-0.018685441464185715
-0.01997011061757803
-0.01743107382208109
-0.019712429493665695
-0.018521908670663834
-0.020297449082136154
-0.017451046966016293
-0.01869430486112833
-0.01999602932482958
-0.021312338300049305
-0.018394245766103268
-0.01671066228300333
-0.020265500992536545
-0.020870336331427097
-0.021450513042509556
-0.022358296439051628
-0.02218951564282179
-0.0202815318480134
-0.017186200246214867
-0.01896257884800434
-0.019164761528372765
-0.018423390574753284
-0.020606697537004948
-0.019121156074106693
-0.018086225725710392
-0.019092016853392124
-0.019397770054638386
-0.017877869307994843
-0.018676090985536575
-0.01948102656751871
-0.020293429493904114
-0.01738094724714756
-0.018132193945348263
-0.018818888813257217
-0.0185484504327178
-0.01985163241624832
-0.0201429296284914
-0.01937704160809517
-0.020575636997818947
-0.017436394467949867
-0.01835194882005453
-0.019611982628703117
-0.018406854011118412
-0.01951562985777855
-0.01679896842688322
-0.01807428151369095
-0.01702489424496889
-0.01699564978480339
-0.01881016604602337
-0.017450078390538692
-0.020849249325692654
-0.0201737517490983
-0.01902557536959648
-0.018579569645226002
-0.017146199941635132
-0.020923477597534657
-0.018285521306097507
-0.018001265823841095
-0.017240826040506363
-0.019756951369345188
-0.020251907408237457
-0.0195027282461524
-0.019457949325442314
-0.018221210688352585
-0.0184831153601408
-0.019794958643615246
-0.020286199636757374
-0.019615842029452324
-0.019531955011188984
-0.021226010285317898
-0.020655237138271332
-0.017803633585572243
-0.01991289760917425
-0.01963830552995205
-0.02222612127661705
-0.0186722781509161
-0.016600703820586205
-0.019447355531156063
-0.01672247936949134
-0.01932332292199135
-0.019478242844343185
-0.019030995666980743
-0.018427209928631783
-0.017114354763180017
-0.01807973627001047
-0.01872046012431383
-0.018920487724244595
-0.02053244039416313
-0.018105357885360718
-0.019628502428531647
-0.019158920273184776
-0.019252970814704895
-0.02109061647206545
-0.019050734117627144
-0.02059809025377035
-0.017515131272375584
-0.01711335312575102
-0.019903133623301983
-0.01889749802649021
-0.018979771994054317
-0.018822896294295788
-0.017953647300601006
-0.01887782011181116
-0.018368611112236977
-0.020931536331772804
-0.019529460929334164
-0.0179114555940032
-0.02009068801999092
-0.020108082331717014
-0.01918826811015606
-0.01963726058602333
-0.017215313389897346
-0.018594510853290558
-0.017224730923771858
-0.017934937961399555
-0.0184044623747468
-0.020180650986731052
-0.020076870918273926
-0.018981230445206165
-0.019361679442226887
-0.020094772800803185
-0.01769172213971615
-0.01670356933027506
-0.020311152562499046
-0.018789048306643963
-0.01984871830791235
-0.018893555738031864
-0.017615248449146748
-0.019707344472408295
-0.018625610508024693
-0.018767421133816242
-0.016773643903434277
-0.017609871923923492
-0.017527788877487183
-0.018756394274532795
-0.019001527689397335
-0.0189442727714777
-0.017984709702432156
-0.018963029608130455
-0.019380214624106884
-0.01955108903348446
-0.018956363201141357
-0.01751831080764532
-0.018998850602656603
-0.01838565059006214
-0.01738050114363432
-0.01801865268498659
-0.01904144324362278
-0.01932035107165575
-0.01821599155664444
-0.019019017927348614
-0.019647425040602684
-0.019253848120570183
-0.017938205040991306
-0.019592161290347576
-0.01646161451935768
-0.016756566241383553
-0.02063233219087124
-0.02060807030647993
-0.016589093953371048
-0.01995266042649746
-0.020288490690290928
-0.018687828443944454
-0.021247887052595615
-0.016400281339883804
-0.01855513360351324
-0.01728672068566084
-0.02008228749036789
-0.017903964966535568
-0.0182736087590456
-0.01852937787771225
-0.021114571020007133
-0.018018240109086037
-0.01955267693847418
-0.017685656435787678
-0.017956003546714783
-0.018748405389487743
-0.018688153475522995
-0.018649963662028313
-0.01735027600079775
-0.019529270008206367
-0.01712043909355998
-0.019146359525620937
-0.018131633289158344
-0.018284513615071774
-0.018076551146805286
-0.021502122282981873
-0.01904602162539959
-0.01930264849215746
-0.020124398171901703
-0.01974006835371256
-0.019786584191024303
-0.01920612808316946
-0.019518393091857433
-0.017599616199731827
-0.01660025166347623
-0.01904434058815241
-0.017537226900458336
-0.01929865963757038
-0.020124957896769047
-0.017912201583385468
-0.0206715390086174
-0.01813598070293665
-0.01953904051333666
-0.018299352377653122
-0.018298779614269733
-0.02020070143043995
-0.020190155133605003
-0.018980124965310097
-0.017038128338754177
-0.017349359579384327
-0.020752581767737865
-0.019986942410469055
-0.0200464790686965
-0.020443370565772057
-0.019594798795878887
-0.017515208572149277
-0.01983891148120165
-0.018865304999053478
-0.02151794172823429
-0.01860103476792574
-0.022580916061997414
-0.019930243492126465
-0.02053061965852976
-0.01959034614264965
-0.019508421421051025
-0.016578038223087788
-0.020539242774248123
-0.019630616530776024
-0.0199732119217515
-0.018956352956593037
-0.01965617947280407
-0.019272703677415848
-0.018672474659979343
-0.01812463253736496
-0.017169445753097534
-0.019965389743447304
-0.01854108553379774
-0.02061642613261938
-0.019058944657444954
-0.019500731490552425
-0.01982912514358759
-0.018986748531460762
-0.020354535430669785
-0.02049829438328743
-0.017226033844053745
-0.019243051297962666
-0.018420228734612465
-0.019933944568037987
-0.019017639569938183
-0.019020077772438526
-0.017401988618075848
-0.019961140118539333
-0.01944777835160494
-0.02028728649020195
-0.019164999946951866
-0.020483260974287987
-0.017990775406360626
-0.020012173801660538
-0.019132415764033794
-0.01784322876483202
-0.019549911841750145
-0.02063353918492794
-0.01862775720655918
-0.02198715414851904
-0.018884582445025444
-0.018907601945102215
-0.01761606801301241
-0.01779128611087799
-0.019676214084029198
-0.01982012949883938
-0.01910774502903223
-0.0178882023319602
-0.01724792830646038
-0.01969371736049652
-0.019569041207432747
-0.01713495049625635
-0.018694980069994926
-0.021288341842591763
-0.01691715745255351
-0.018864701502025127
-0.021967688575387
-0.018883095122873783
-0.019239962100982666
-0.018999245017766953
-0.022966032847762108
-0.019112604670226574
-0.018270988948643208
-0.017989027313888073
-0.01815851777791977
-0.018030786886811256
-0.018197504803538322
-0.021081008948385715
-0.0211246395483613
-0.01972856093198061
-0.018942424096167088
-0.019344517029821873
-0.017824698239564896
-0.02073874231427908
-0.01805968675762415
-0.01887580379843712
-0.016230609267950058
-0.016993699595332146
-0.019894974306225777
-0.02000151388347149
-0.020113821141421795
-0.018828713335096836
-0.020000758580863476
-0.020257949829101562
-0.020836029201745987
-0.020652765408158302
-0.01936203893274069
-0.019895080476999283
-0.018871176056563854
-0.01917481515556574
-0.01925710868090391
-0.01802794821560383
-0.018879483453929424
-0.019537190906703472
-0.017689503729343414
-0.019317185506224632
-0.017872565425932407
-0.019666986539959908
-0.018867776729166508
-0.019960323348641396
-0.01883202139288187
-0.017514037899672985
-0.019326758570969105
-0.021330424584448338
-0.018805768340826035
-0.020095426589250565
-0.018564914353191853
-0.018386811949312687
-0.01891546044498682
-0.01989479921758175
-0.019665668718516827
-0.017217309214174747
-0.01917483378201723
-0.01926338206976652
-0.02030695416033268
-0.01770442072302103
-0.020059650763869286
-0.021580791100859642
-0.02006726898252964
-0.017273050732910633
-0.019911247305572033
-0.019175108522176743
-0.017695466987788677
-0.018903622403740883
-0.019167102873325348
-0.02002696320414543
-0.020681999623775482
-0.02022305130958557
-0.02208604384213686
-0.0190989812836051
-0.02146298810839653
-0.01965320948511362
-0.017488627694547176
-0.01891280710697174
-0.019856713712215424
-0.02164036314934492
-0.01987225655466318
-0.017487414181232452
-0.020213591866195202
-0.01750718243420124
-0.02015920076519251
-0.0210208622738719
-0.018857675604522228
-0.018622075207531452
-0.020873242989182472
-0.01900916825979948
-0.019699607975780964
-0.02157549001276493
-0.01947969663888216
-0.018163458444178104
-0.020656886510550976
-0.020052135922014713
-0.018745259381830692
-0.021181965246796608
-0.020151149481534958
-0.017714785411953926
-0.02048956509679556
-0.018889867700636387
-0.01867858599871397
-0.020715747959911823
-0.021652954630553722
-0.02174667175859213
-0.019585908390581608
-0.02017843071371317
-0.019228408113121986
-0.01849860232323408
-0.018404334783554077
-0.021037446334958076
-0.017985060811042786
-0.01981325075030327
-0.020515436306595802
-0.019615483470261097
-0.017327220179140568
-0.018738850951194763
-0.0202528927475214
-0.01934462133795023
-0.019388332962989807
-0.019978154450654984
-0.018969636410474777
-0.02000629436224699
-0.01941290032118559
-0.018554060719907284
-0.02157034818083048
-0.019882945343852043
-0.021321809850633144
-0.020181135274469852
-0.01836592797189951
-0.01964507345110178
-0.017614109441637993
-0.02266008500009775
-0.018157622776925564
-0.020532017573714256
-0.020907152444124222
-0.01945092249661684
-0.020864599384367466
-0.018576713278889656
-0.019013539887964725
-0.02016937080770731
-0.020866376347839832
-0.020680582150816917
-0.020557254552841187
-0.0202840156853199
-0.01823543757200241
-0.01937142387032509
-0.01929912343621254
-0.01884392648935318
-0.019691557623445988
-0.01912048738449812
-0.01883876323699951
-0.01893130037933588
-0.020985125564038754
-0.018368997611105442
-0.02188809495419264
-0.019438237883150578
-0.02032408956438303
-0.021607977338135242
-0.01860666275024414
-0.01866741105914116
-0.01944999024271965
-0.0200142040848732
-0.02237843908369541
-0.02023173402994871
-0.021435419097542763
-0.019819039851427078
-0.02090903650969267
-0.02044677734375
-0.01953099761158228
-0.01906619220972061
-0.02023240737617016
-0.021995182149112225
-0.017663419246673584
-0.02210830058902502
-0.02025051787495613
-0.018682430498301983
-0.022523020394146442
-0.01977934129536152
-0.019867893308401108
-0.018286514095962048
-0.021382824517786503
-0.018567616119980812
-0.02097519487142563
-0.01927559543401003
-0.019013360142707825
-0.019564764574170113
-0.021559404209256172
-0.020337384194135666
-0.018264444544911385
-0.01980134006589651
-0.02077397797256708
-0.017532684840261936
-0.021550043486058712
-0.0190816568210721
-0.02101906854659319
-0.02135967370122671
-0.01974949985742569
-0.020482564345002174
-0.01947887148708105
-0.018356519751250744
-0.018682398833334446
-0.01968545187264681
-0.01919375080615282
-0.02114486787468195
-0.018086690455675125
-0.021346510387957096
-0.018687257543206215
-0.018690492026507854
-0.01952098123729229
-0.019133946858346462
-0.020392957143485546
-0.02090018428862095
-0.018864053301513195
-0.02219474781304598
-0.019050899893045425
-0.019393657334148884
-0.02040515188127756
-0.019092336297035217
-0.020642142742872238
-0.01847829669713974
-0.020120135508477688
-0.018518177792429924
-0.020304784178733826
-0.01974864862859249
-0.01936251111328602
-0.01807085983455181
-0.019601549953222275
-0.020234882831573486
-0.019055924378335476
-0.018756513483822346
-0.018705619499087334
-0.01808477472513914
-0.022949025966227055
-0.018699909560382366
-0.019245101138949394
-0.020038566552102566
-0.020388671196997166
-0.020892750471830368
-0.0195409394800663
-0.019590625539422035
-0.020463738590478897
-0.02215447649359703
-0.02103978954255581
-0.021015270613133907
-0.01799319125711918
-0.01753126736730337
-0.020507403649389744
-0.021481003612279892
-0.021358066238462925
-0.019269353710114956
-0.020473583601415157
-0.019619581289589405
-0.01951514557003975
-0.019571565091609955
-0.018244239501655102
-0.01969478279352188
-0.018689973279833794
-0.02194036915898323
-0.021165236830711365
-0.020297076553106308
-0.019235676154494286
-0.02122386358678341
-0.020590905100107193
-0.022135945037007332
-0.01651057507842779
-0.018167749978601933
-0.01993198599666357
-0.019697646610438824
-0.01966920029371977
-0.01988859288394451
-0.019437618553638458
-0.021121536381542683
-0.018770948983728886
-0.01937783043831587
-0.021010084077715874
-0.019693630747497082
-0.020658235996961594
-0.0214864956215024
-0.01913259830325842
-0.019614864140748978
-0.019659342244267464
-0.022183730266988277
-0.020329932682216167
-0.020286372862756252
-0.019960517063736916
-0.019883669912815094
-0.02034317795187235
-0.019935215823352337
-0.018689856864511967
-0.020758614875376225
-0.021454918198287487
-0.019848361611366272
-0.020857439376413822
-0.020585457794368267
-0.01980611588805914
-0.02060302160680294
-0.019425764679908752
-0.018113125581294298
-0.019376907497644424
-0.018593364395201206
-0.020162148401141167
-0.019737379625439644
-0.019633407704532146
-0.020301373675465584
-0.01828109845519066
-0.020177229307591915
-0.018510859459638596
-0.02152481209486723
-0.020967758260667324
-0.021185713820159435
-0.02007567510008812
-0.01928416360169649
-0.019586235284805298
-0.020620230585336685
-0.020095517858862877
-0.020750663243234158
-0.020810343325138092
-0.020291874185204506
-0.01974994782358408
-0.02012135647237301
-0.01989780366420746
-0.017970160581171513
-0.01952103991061449
-0.019615397788584232
-0.01916254684329033
-0.01789690088480711
-0.017746805679053068
-0.022118741646409035
-0.01909585576504469
-0.018969101831316948
-0.019304124638438225
-0.018647460266947746
-0.02224929165095091
-0.01871616393327713
-0.01936981175094843
-0.018726644106209278
-0.019654431380331516
-0.020040174014866352
-0.02024377416819334
-0.021509209647774696
-0.01949675101786852
-0.018694144673645496
-0.018222921527922153
-0.01887961197644472
-0.022759707644581795
-0.02032119780778885
-0.020109648816287518
-0.021550041623413563
-0.019670898094773293
-0.020653686486184597
-0.020869077183306217
-0.020378938876092434
-0.020434037782251835
-0.018047193996608257
-0.02034199796617031
-0.02080806903541088
-0.019659381359815598
-0.019870650954544544
-0.020453321747481823
-0.022329804487526417
-0.017778877168893814
-0.018957417458295822
-0.019618061371147633
-0.017864607274532318
-0.0187523839995265
-0.01967538334429264
-0.019913905300199986
-0.020064149983227253
-0.01959596760571003
-0.018251203931868076
-0.019468211568892002
-0.020340322516858578
-0.0204077260568738
-0.020384746603667736
-0.0197523208335042
-0.02045502420514822
-0.018839582800865173
-0.02349505014717579
-0.018809344619512558
-0.019346305169165134
-0.021305766887962818
-0.020253260619938374
-0.02215017843991518
-0.02113768458366394
-0.02006460726261139
-0.01953618973493576
-0.020249334163963795
-0.017712262459099293
-0.0207103518769145
-0.021402212791144848
-0.02099104505032301
-0.021154997870326042
-0.020195847377181053
-0.02043195627629757
-0.020693997852504253
-0.02146065514534712
-0.020905179902911186
-0.01995094958692789
-0.022009759210050106
-0.02251853235065937
-0.01939385663717985
-0.01972697675228119
-0.02188524790108204
-0.018337024375796318
-0.018343773670494556
-0.017681457102298737
-0.018389727920293808
-0.020414600148797035
-0.020830406807363033
-0.019761591218411922
-0.020008469000458717
-0.019949376583099365
-0.0202789343893528
-0.019762945361435413
-0.020687013864517212
-0.020021449774503708
-0.02033892273902893
-0.020169485360383987
-0.019642453640699387
-0.019783048890531063
-0.020599041134119034
-0.018540499731898308
-0.021637575700879097
-0.0215632114559412
-0.02169734053313732
-0.019462596625089645
-0.019118313677608967
-0.020447028800845146
-0.021314525045454502
-0.021038517355918884
-0.02175339311361313
-0.01935859303921461
-0.02031021937727928
-0.018201205879449844
-0.021316392347216606
-0.020250877365469933
-0.020010598935186863
-0.021022371016442776
-0.022065515629947186
-0.021142838522791862
-0.019569847732782364
-0.017434806562960148
-0.020544656552374363
-0.021615791134536266
-0.02128805872052908
-0.021425336599349976
-0.02238017413765192
-0.023412613198161125
-0.021248862147331238
-0.02207263745367527
-0.02255379408597946
-0.0209584953263402
-0.01846914179623127
-0.019947313703596592
-0.019489397294819355
-0.01995155494660139
-0.020629714243113995
-0.020100424997508526
-0.019548961892724037
-0.020358418114483356
-0.019545498304069042
-0.019895478151738644
-0.020784546621143818
-0.020759422332048416
-0.021737772040069103
-0.018805477768182755
-0.020112328231334686
-0.020563053898513317
-0.020992103964090347
-0.02082075923681259
-0.019055739976465702
-0.021164881996810436
-0.020283833146095276
-0.02060131262987852
-0.021224903874099255
-0.019811891950666904
-0.020715116523206234
-0.02043932117521763
-0.018780218437314034
-0.0200071157887578
-0.02154134213924408
-0.023543589748442173
-0.020818126387894154
-0.0200888579711318
-0.020161403343081474
-0.018629128113389015
-0.019224044866859913
-0.018822484649717808
-0.02077703084796667
-0.02100763376802206
-0.01980151515454054
-0.023039099760353565
-0.021539167501032352
-0.022410611622035503
-0.01872294396162033
-0.021288732066750526
-0.018931456841528416
-0.019895046949386597
-0.022628395818173885
-0.021751614287495613
-0.020848763175308704
-0.02031709160655737
-0.02064987551420927
-0.021075247786939144
-0.018953113816678524
-0.019853786565363407
-0.022307638078927994
-0.023090502247214317
-0.019831039942801
-0.022243143990635872
-0.02081901766359806
-0.02010760549455881
-0.02090135868638754
-0.020508898422122
-0.020299967378377914
-0.019095201045274734
-0.021607116796076298
-0.023449664004147053
-0.018502501770853996
-0.023368194699287415
-0.019300472922623158
-0.02027947176247835
-0.018662678077816963
-0.02045530080795288
-0.01968436874449253
-0.019719255156815052
-0.019780454225838184
-0.01894420199096203
-0.0213070185855031
-0.020120994187891483
-0.019130715169012547
-0.021245300769805908
-0.02068465668708086
-0.02057295199483633
-0.020858396776020527
-0.021285627968609333
-0.020432278513908386
-0.018319042399525642
-0.02075766585767269
-0.02041829749941826
-0.022083215415477753
-0.021435835398733616
-0.020638667047023773
-0.020628483965992928
-0.020523485727608204
-0.020822016522288322
-0.02097498346120119
-0.019725278951227665
-0.020627683028578758
-0.02191602811217308
-0.019857275299727917
-0.020342336036264896
-0.020106355659663677
-0.01928208116441965
-0.019547701813280582
-0.022817975841462612
-0.01946205971762538
-0.021816354244947433
-0.01990237645804882
-0.019431451335549355
-0.019711890257894993
-0.020732692442834377
-0.01922822743654251
-0.019757612608373165
-0.020791560411453247
-0.022392847575247288
-0.020509297028183937
-0.02037800755351782
-0.021639077924191952
-0.021400906145572662
-0.021864323876798153
-0.021824289113283157
-0.020419460721313953
-0.02162962593138218
-0.021310645155608654
-0.020124766044318676
-0.020395876839756966
-0.019857140257954597
-0.02204067725688219
-0.020141897723078728
-0.018164929933845997
-0.018572092056274414
-0.02058087009936571
-0.01972596626728773
-0.01968579739332199
-0.020582114346325397
-0.021190494298934937
-0.019507386721670628
-0.020040483213961124
-0.02002212032675743
-0.02125064842402935
-0.020007106475532055
-0.019994813948869705
-0.021005671471357346
-0.02202606573700905
-0.02272072806954384
-0.020550147630274296
-0.02026114147156477
-0.0212408434599638
-0.018795818090438843
-0.01978276204317808
-0.01846849638968706
-0.018997582606971264
-0.01902155578136444
-0.02147954050451517
-0.021135559305548668
-0.020724177360534668
-0.021052143536508083
-0.02164558321237564
-0.020950034260749817
-0.019463433884084225
-0.02272235881537199
-0.022011009976267815
-0.019479649141430855
-0.022764491848647594
-0.019993224181234837
-0.021687294356524944
-0.021071617491543293
-0.019979012198746204
-0.021239465102553368
-0.019450701773166656
-0.0182968657463789
-0.021944926120340824
-0.022326805628836155
-0.021983258426189423
-0.023302366957068443
-0.02024202235043049
-0.01976849976927042
-0.02193289902061224
-0.021583441644906998
-0.019999423064291477
-0.022715463303029537
-0.022956060245633125
-0.0237088892608881
-0.02189813833683729
-0.021022936329245567
-0.02136340644210577
-0.01800286490470171
-0.021343257278203964
-0.019913943484425545
-0.021505458280444145
-0.021848867647349834
-0.020869538187980652
-0.02034064754843712
-0.019716588780283928
-0.020913559012115
-0.019993837922811508
-0.020910565741360188
-0.02122507244348526
-0.020276990719139576
-0.017816223669797182
-0.020648098550736904
-0.018830740824341774
-0.023180462419986725
-0.018886706791818142
-0.01966371387243271
-0.021674501709640026
-0.019536718726158142
-0.022661141119897366
-0.022597424685955048
-0.021658029407262802
-0.022191558964550495
-0.02178418543189764
-0.020416727289557457
-0.022097683511674404
-0.02051358949393034
-0.018728301860392094
-0.022763675078749657
-0.018774300813674927
-0.019785191863775253
-0.022034485824406147
-0.021318656392395496
-0.02056235633790493
-0.021398160606622696
-0.02199050970375538
-0.019506266340613365
-0.020258738659322262
-0.019779709167778492
-0.020981418900191784
-0.021492653526365757
-0.01929285190999508
-0.02278104145079851
-0.020236654207110405
-0.02184950467199087
-0.02244281955063343
-0.020162751898169518
-0.021163675002753735
-0.018716531805694103
-0.020669907331466675
-0.019208556972444057
-0.016785420943051577
-0.021475862711668015
-0.02388459723442793
-0.020705330185592175
-0.020725613459944725
-0.020077417604625225
-0.02095705084502697
-0.01961821410804987
-0.02033332083374262
-0.02123236656188965
-0.021125631406903267
-0.02105508092790842
-0.020517981611192226
-0.01945015974342823
-0.021582546643912792
-0.021009822376072407
-0.020556838251650333
-0.017305539920926094
-0.02386101894080639
-0.020996748469769955
-0.019658858887851238
-0.022148670628666878
-0.02345155645161867
-0.019961792044341564
-0.020297590643167496
-0.0198868066072464
-0.02342840936034918
-0.020048855803906918
-0.02115217223763466
-0.02093067392706871
-0.022204386070370674
-0.020233219489455223
-0.021526454016566277
-0.021964377723634243
-0.02175882924348116
-0.021084715612232685
-0.021971337497234344
-0.020823990926146507
-0.020990226417779922
-0.019326466135680676
-0.020134588703513145
-0.018226338550448418
-0.020073018968105316
-0.021468154154717922
-0.022165422327816486
-0.02455732226371765
-0.019424689933657646
-0.02128156740218401
-0.022417813539505005
-0.018777920864522457
-0.022267339751124382
-0.01934402994811535
-0.02152658998966217
-0.019810566678643227
-0.019252915866672993
-0.020058796741068363
-0.019210748374462128
-0.01993778720498085
-0.020170480012893677
-0.021293139085173607
-0.021238992922008038
-0.022154896520078182
-0.01967710070312023
-0.022484755143523216
-0.021384569816291332
-0.020487706176936626
-0.02147472556680441
-0.021290358155965805
-0.02292771264910698
-0.023126901127398014
-0.020227622240781784
-0.021822987124323845
-0.021604965440928936
-0.021378321573138237
-0.01948490459471941
-0.02208009548485279
-0.021297200582921505
-0.02043907158076763
-0.021487612277269363
-0.01931797619909048
-0.022242185659706593
-0.019361194223165512
-0.020653575658798218
-0.021207462064921856
-0.022440128028392792
-0.020687967538833618
-0.019131626933813095
-0.02048429660499096
-0.02176329493522644
-0.0216537956148386
-0.022039080038666725
-0.021636569872498512
-0.022281795740127563
-0.022110692225396633
-0.02251783385872841
-0.02259262278676033
-0.02140645496547222
-0.019683456048369408
-0.022079959511756897
-0.02165392879396677
-0.02112867683172226
-0.020736445672810078
-0.02161367144435644
-0.01891253050416708
-0.023610717616975307
-0.02143204677850008
-0.02171445917338133
-0.020713694393634796
-0.020648544654250145
-0.02096304763108492
-0.021560446359217167
-0.021857078187167645
-0.020177594386041164
-0.020327996462583542
-0.021393260918557644
-0.022400030866265297
-0.02211074810475111
-0.021865149959921837
-0.021442649886012077
-0.023501875810325146
-0.020434233359992504
-0.021025164052844048
-0.021234825253486633
-0.021855538710951805
-0.02128345239907503
-0.02050713449716568
-0.020665183663368225
-0.021837739273905754
-0.019022182561457157
-0.020639757625758648
-0.021708796732127666
-0.021799919195473194
-0.021211115643382072
-0.02156744245439768
-0.020688392221927643
-0.021711325272917747
-0.01935731340199709
-0.020510313101112843
-0.02057397924363613
-0.021142630837857723
-0.02045818604528904
-0.02087066974490881
-0.02149646170437336
-0.02025520708411932
-0.020479654893279076
-0.02339177206158638
-0.023187963292002678
-0.021141196601092815
-0.019763221964240074
-0.022107399068772793
-0.023151597939431667
-0.02135445550084114
-0.020032701082527637
-0.02195378579199314
-0.02147359400987625
-0.02185226045548916
-0.018955141305923462
-0.02157343551516533
-0.02252341341227293
-0.019503052346408367
-0.021646770648658276
-0.02049516048282385
-0.020596093498170376
-0.021528600715100765
-0.02168591506779194
-0.022737662307918072
-0.021142308600246906
-0.022689390927553177
-0.019864202477037907
-0.02091968059539795
-0.020057869143784046
-0.022969599813222885
-0.02184998895972967
-0.02329339738935232
-0.020262683741748333
-0.020040567964315414
-0.02221665531396866
-0.022940190508961678
-0.02147878985852003
-0.02460014820098877
-0.02114870771765709
-0.020211374387145042
-0.02187605667859316
-0.020366129465401173
-0.022609099745750427
-0.020909768529236317
-0.022077270783483982
-0.021792068146169186
-0.021041952073574066
-0.021016843616962433
-0.02162104845046997
-0.02171540167182684
-0.02238522656261921
-0.020861933007836342
-0.021063423715531826
-0.022760526277124882
-0.020655101165175438
-0.022351919673383236
-0.02064530737698078
-0.020821928046643734
-0.024497990496456623
-0.02029477059841156
-0.020273379981517792
-0.021073786541819572
-0.01946236565709114
-0.02295028418302536
-0.02223003376275301
-0.021542973816394806
-0.023213784210383892
-0.021751918829977512
-0.022169291973114014
-0.020388557575643063
-0.020022542215883732
-0.02057518996298313
-0.020241232588887215
-0.021681646816432476
-0.019430970773100853
-0.01998416054993868
-0.02135147899389267
-0.023372850380837917
-0.0222169179469347
-0.02055570762604475
-0.021635091863572598
-0.02368372306227684
-0.02125507965683937
-0.02180301956832409
-0.01953221671283245
-0.02360622212290764
-0.020214510150253773
-0.02224149741232395
-0.023016424849629402
-0.01965150609612465
-0.02093432378023863
-0.02062209416180849
-0.023157167248427868
-0.022790315560996532
-0.022533265873789787
-0.02205190621316433
-0.021911299787461758
-0.02365714218467474
-0.02412363700568676
-0.02378248982131481
-0.021477733738720417
-0.020096300169825554
-0.021209203638136387
-0.02167333010584116
-0.02301911823451519
-0.02195144724100828
-0.02423054352402687
-0.021664361469447613
-0.021512911655008793
-0.022007297724485397
-0.022468644194304943
-0.021998479031026363
-0.020781977102160454
-0.022058671340346336
-0.022858960554003716
-0.022990199737250805
-0.020989585667848587
-0.02260997612029314
-0.02046983689069748
-0.021948324516415596
-0.021830706857144833
-0.019223528914153576
-0.020733574405312538
-0.021668910048902035
-0.01952891517430544
-0.02298169769346714
-0.020484501495957375
-0.020950294099748135
-0.020308333449065685
-0.0201658783480525
-0.021483582444489002
-0.02219484932720661
-0.021022208034992218
-0.022642187774181366
-0.02048342674970627
-0.019166073761880398
-0.022078728303313255
-0.0212332671508193
-0.0245206905528903
-0.0205391738563776
-0.02135587763041258
-0.022159188985824585
-0.024195270612835884
-0.020217470824718475
-0.023100447840988636
-0.01950916089117527
-0.022789759561419487
-0.022182388231158257
-0.020464381203055382
-0.025718688033521175
-0.020560787059366703
-0.02228794153779745
-0.022327499464154243
-0.0227765878662467
-0.0217521321028471
-0.021569996140897274
-0.0198867404833436
-0.023938861675560474
-0.020826956257224083
-0.02062095422297716
-0.022580351680517197
-0.01977474521845579
-0.02236868441104889
-0.020619161427021027
-0.02230093628168106
-0.022436926141381264
-0.024972939863801003
-0.023035972379148006
-0.02245478145778179
-0.02262290194630623
-0.021598443388938904
-0.021444297395646572
-0.02237652614712715
-0.02082342468202114
-0.021135433577001095
-0.022931164130568504
-0.023455590941011906
-0.02067268919199705
-0.021026727743446827
-0.021578894928097725
-0.020191388204693794
-0.02224834356456995
-0.02077089622616768
-0.020762314088642597
-0.022398676723241806
-0.021047601476311684
-0.023728647269308567
-0.021947771310806274
-0.02265374269336462
-0.024444938637316227
-0.02273473795503378
-0.022151325829327106
-0.022772149182856083
-0.022469623014330864
-0.02235965058207512
-0.022247073240578175
-0.0205171937122941
-0.023096824996173382
-0.022474377416074276
-0.023864137940108776
-0.02305910736322403
-0.021722810342907906
-0.023210774175822735
-0.023158776573836803
-0.022494608536362648
-0.023746857419610023
-0.021371246315538883
-0.02228355873376131
-0.021177218295633793
-0.021831398829817772
-0.02138768881559372
-0.021978778764605522
-0.020171155221760273
-0.024346119724214077
-0.02302190102636814
-0.022022003307938576
-0.02069749776273966
-0.02218062710016966
-0.02300063893198967
-0.02243855409324169
-0.021545404568314552
-0.022941067814826965
-0.022134196013212204
-0.022500917315483093
-0.022339199669659138
-0.02220975048840046
-0.025194387882947922
-0.020892399363219738
-0.021434366703033447
-0.02063915040344
-0.02298654057085514
-0.021392373368144035
-0.022760859690606594
-0.020626116544008255
-0.022698058746755123
-0.021539230830967426
-0.02429808769375086
-0.022598406299948692
-0.021914181299507618
-0.023288730531930923
-0.02496122196316719
-0.02348278369754553
-0.023541332222521305
-0.021224984899163246
-0.021942543797194958
-0.02398854587227106
-0.02174961194396019
-0.023111466318368912
-0.023221544921398163
-0.02139208558946848
-0.022024537436664104
-0.023206579498946667
-0.021748561412096024
-0.02242878917604685
-0.024873877875506878
-0.02361286524683237
-0.021404596976935863
-0.019752787426114082
-0.021977977827191353
-0.022446311078965664
-0.024059905670583248
-0.022369028069078922
-0.023626352660357952
-0.022019549272954464
-0.024106722325086594
-0.02186604216694832
-0.022756661288440228
-0.02258320339024067
-0.02290419302880764
-0.02181379310786724
-0.02352270483970642
-0.021703418344259262
-0.024739015847444534
-0.021958629600703716
-0.02249887492507696
-0.021694225259125233
-0.022253992035984993
-0.02373246755450964
-0.023999073542654514
-0.02215757593512535
-0.02127136941999197
-0.021388236433267593
-0.020435149781405926
-0.022016010247170925
-0.02199372835457325
-0.02259012684226036
-0.022305372171103954
-0.022638577967882156
-0.022727571427822113
-0.022486337460577488
-0.021588214673101902
-0.021959155797958374
-0.025155434384942055
-0.021710415370762348
-0.02240493707358837
-0.0232545780017972
-0.021921612322330475
-0.02341343369334936
-0.023570429533720016
-0.023469516076147556
-0.023576551117002964
-0.021841425448656082
-0.022299806587398052
-0.024122302420437336
-0.02276041265577078
-0.02199339773505926
-0.02318306267261505
-0.023750653490424156
-0.021258754655718803
-0.02245740219950676
-0.02142986562103033
-0.023775317706167698
-0.021560863591730595
-0.024042180739343166
-0.022076252847909927
-0.021777033805847168
-0.020161466673016548
-0.02349092625081539
-0.023342866450548172
-0.021087007597088814
-0.02337479405105114
-0.01932151522487402
-0.024409321136772633
-0.024577772244811058
-0.02231454662978649
-0.02275771088898182
-0.023125724866986275
-0.021979426965117455
-0.024088161066174507
-0.02296003047376871
-0.02205597423017025
-0.021425130777060986
-0.020910978317260742
-0.021742609329521656
-0.021762503311038017
-0.021130146458745003
-0.02181905135512352
-0.023388024419546127
-0.0221554022282362
-0.021997658535838127
-0.021192721091210842
-0.022036373615264893
-0.02192686963826418
-0.020950396545231342
-0.022284033708274364
-0.021234992891550064
-0.021862749010324478
-0.021654071286320686
-0.02187750395387411
-0.022125087678432465
-0.02031835727393627
-0.024208949878811836
-0.02216256409883499
-0.024538276717066765
-0.022319022566080093
-0.022219037637114525
-0.021427239291369915
-0.022202415391802788
-0.02093823440372944
-0.02413124218583107
-0.022452513687312603
-0.02256444189697504
-0.025379315949976444
-0.02232292015105486
-0.022485491819679737
-0.022937496192753315
-0.021086202934384346
-0.02205525804311037
-0.022965045645833015
-0.022752410732209682
-0.023393751122057438
-0.022120153531432152
-0.022666312754154205
-0.024613997898995876
-0.025760794058442116
-0.021129060536623
-0.022006327286362648
-0.021914529614150524
-0.021597465500235558
-0.022340918891131878
-0.021036961115896702
-0.022634292021393776
-0.022328353486955166
-0.021137346513569355
-0.020557871088385582
-0.022006891667842865
-0.024244656786322594
-0.022461899556219578
-0.023530219681560993
-0.02285588439553976
-0.020723949186503887
-0.021862303838133812
-0.02370399795472622
-0.021395892836153507
-0.0238477298989892
-0.02400878816843033
-0.023469142615795135
-0.021390718407928944
-0.023277453146874905
-0.024372825399041176
-0.021675345487892628
-0.02344880998134613
-0.02117790374904871
-0.021490969695150852
-0.022386581636965275
-0.023375785909593105
-0.023684898391366005
-0.02193177491426468
-0.022546480409801006
-0.022093502804636955
-0.021135343238711357
-0.02053526323288679
-0.0205808375030756
-0.02241612784564495
-0.02300265245139599
-0.02235107123851776
-0.02412310056388378
-0.021046810783445835
-0.022392873652279377
-0.023113767616450787
-0.02344692312180996
-0.02230838593095541
-0.021837884560227394
-0.022745740599930286
-0.022650467231869698
-0.0222140122205019
-0.021120342426002026
-0.023457828909158707
-0.02114973124116659
-0.021576857194304466
-0.022183272056281567
-0.022508016787469387
-0.020891780965030193
-0.022294445894658566
-0.022922232747077942
-0.02378545980900526
-0.020883155055344105
-0.021032093092799187
-0.02107634488493204
-0.022856859490275383
-0.0225842222571373
-0.02188304252922535
-0.022608702071011066
-0.024202953092753887
-0.021742841228842735
-0.023197952657938004
-0.02267573866993189
-0.022095870226621628
-0.02151074167340994
-0.019851702265441418
-0.023632829077541828
-0.02287184912711382
-0.022111454978585243
-0.022885752841830254
-0.025629871524870396
-0.022153583355247974
-0.021199006587266922
-0.021816054359078407
-0.021937510930001736
-0.024075519293546677
-0.022750960662961006
-0.022224746644496918
-0.021735762245953083
-0.023357100784778595
-0.021128523163497448
-0.022873803041875362
-0.021761784330010414
-0.02100662048906088
-0.023175343871116638
-0.0232047401368618
-0.022086446173489094
-0.022098541259765625
-0.024220206774771214
-0.021862070076167583
-0.0213259756565094
-0.022776657715439796
-0.020996419712901115
-0.021234750747680664
-0.021381258964538574
-0.022031085565686226
-0.02372368983924389
-0.023906993679702282
-0.022856587544083595
-0.020526804961264133
-0.02169930934906006
-0.02134606707841158
-0.0208819517865777
-0.01999580767005682
-0.02110212203115225
-0.021876201033592224
-0.020374075509607792
-0.022081570699810982
-0.02043826784938574
-0.023459737189114094
-0.022616637870669365
-0.022502899169921875
-0.022009849548339844
-0.021744966506958008
-0.021455208770930767
-0.0217329366132617
-0.02088664285838604
-0.023880482651293278
-0.022908585146069527
-0.021914219483733177
-0.021745383739471436
-0.0222822530195117
-0.022864343598484993
-0.021372727118432522
-0.023104910738766193
-0.02335600834339857
-0.022643676958978176
-0.023123950697481632
-0.023535565473139286
-0.023161809891462326
-0.024244574829936028
-0.021835297346115112
-0.020262621343135834
-0.025494725443422794
-0.018604939803481102
-0.0203151386231184
-0.021430853754281998
-0.022758960723876953
-0.025369838811457157
-0.02234682161360979
-0.021552489139139652
-0.023404552601277828
-0.020882255397737026
-0.022094156593084335
-0.0216670585796237
-0.02333464566618204
-0.020908767357468605
-0.02202991582453251
-0.021029128693044186
-0.023803791031241417
-0.02433072403073311
-0.023463559336960316
-0.02307235077023506
-0.021925603970885277
-0.021366574801504612
-0.02228881511837244
-0.023218076676130295
-0.01975187100470066
-0.023089760914444923
-0.022387786768376827
-0.019755243323743343
-0.02236864436417818
-0.023976100608706474
-0.023714782670140266
-0.021688404493033886
-0.022686215117573738
-0.02502604015171528
-0.021011263132095337
-0.023022271692752838
-0.02299861703068018
-0.02221682295203209
-0.023255864158272743
-0.023574816063046455
-0.02106047049164772
-0.022401276975870132
-0.02307259477674961
-0.020579871721565723
-0.02185818087309599
-0.02389470860362053
-0.023943363688886166
-0.02300824038684368
-0.022067172452807426
-0.023009078577160835
-0.020275170914828777
-0.021750387735664845
-0.023046409711241722
-0.020692842081189156
-0.024345455691218376
-0.022888689301908016
-0.022023337893188
-0.02154665533453226
-0.020227150060236454
-0.021669150330126286
-0.02245475258678198
-0.02165145706385374
-0.02457495406270027
-0.020295940339565277
-0.0239817276597023
-0.022871969267725945
-0.023390717804431915
-0.022161356173455715
-0.022368140518665314
-0.02332070842385292
-0.021810512989759445
-0.02236844226717949
-0.023613707162439823
-0.02219047024846077
-0.020737754181027412
-0.022924041375517845
-0.02228568959981203
-0.021058191545307636
-0.021755581721663475
-0.02200814988464117
-0.022468761540949345
-0.022289996035397053
-0.021260433830320835
-0.022892005741596222
-0.02000469993799925
-0.02128197532147169
-0.020825695246458054
-0.024682302959263325
-0.023255445063114166
-0.022403253242373466
-0.024994157254695892
-0.021848748438060284
-0.020615840330719948
-0.02346847765147686
-0.021464625373482704
-0.022403663955628872
-0.02157249767333269
-0.02291908487677574
-0.02479372825473547
-0.02309459075331688
-0.022672589868307114
-0.023527424782514572
-0.025927470065653324
-0.020784872584044933
-0.023560103960335255
-0.02165838796645403
-0.022379450500011444
-0.022863639518618584
-0.02150664385408163
-0.021593020297586918
-0.020596818067133427
-0.022725075483322144
-0.021325516514480114
-0.022520537488162518
-0.02173119131475687
-0.02203969843685627
-0.022675293497741222
-0.023359104990959167
-0.02292089071124792
-0.023477875627577305
-0.02132484596222639
-0.02267334796488285
-0.020920186303555965
-0.022759636864066124
-0.022565927356481552
-0.022330718114972115
-0.022778553888201714
-0.024303152225911617
-0.02230452559888363
-0.021293150261044502
-0.022546947933733463
-0.02196567878127098
-0.022730750031769276
-0.021906616166234016
-0.01966212410479784
-0.02096919622272253
-0.022437346167862415
-0.020423476584255695
-0.023058105260133743
-0.022858640179038048
-0.022102702409029007
-0.02108743693679571
-0.022187051363289356
-0.023141678422689438
-0.021527948789298534
-0.023376437835395336
-0.022796896286308765
-0.024134003557264805
-0.021857785061001778
-0.02314154990017414
-0.022393611259758472
-0.022833162918686867
-0.022397209890186787
-0.02073519118130207
-0.022496342658996582
-0.02321256697177887
-0.023196589201688766
-0.021117303520441055
-0.02071013394743204
-0.022852161899209023
-0.022858758457005024
-0.02519501280039549
-0.023599419742822647
-0.02174275554716587
-0.021527927368879318
-0.022907454520463943
-0.021245303563773632
-0.024203908629715443
-0.02226118091493845
-0.022013774141669273
-0.02350757736712694
-0.02088252641260624
-0.022067994810640812
-0.023553717881441116
-0.023441825062036514
-0.02108754776418209
-0.023317263461649418
-0.023012111894786358
-0.022791557013988495
-0.02170403301715851
-0.01999822538346052
-0.023305274546146393
-0.02374604158103466
-0.020479001104831696
-0.024183982983231544
-0.024381142109632492
-0.023381086997687817
-0.023064343258738518
-0.022648436948657036
-0.020151887089014053
-0.021157167851924896
-0.02144635282456875
-0.0221626665443182
-0.022377660498023033
-0.021432870998978615
-0.022141799330711365
-0.02108403481543064
-0.02265676110982895
-0.023523383773863316
-0.020534902811050415
-0.022552681155502796
-0.021517065353691578
-0.02145150676369667
-0.0235760435461998
-0.021950949914753437
-0.022871658205986023
-0.022112222388386726
-0.022196495905518532
-0.02443120814859867
-0.020174529403448105
-0.021590348333120346
-0.02052546665072441
-0.022183655761182308
-0.02179620135575533
-0.02132426667958498
-0.02291043009608984
-0.0217723548412323
-0.02289387956261635
-0.023342200554907322
-0.021557706408202648
-0.022258744575083256
-0.02384222112596035
-0.019725194200873375
-0.021971428766846657
-0.020236522890627384
-0.021249329671263695
-0.02120300941169262
-0.024034555070102215
-0.02387713175266981
-0.022598503157496452
-0.020743926987051964
-0.02261043805629015
-0.023740549571812153
-0.021125986240804195
-0.024264395236968994
-0.022416746243834496
-0.024476083926856518
-0.02247592154890299
-0.023635542020201683
-0.02147470787167549
