0.0015426563331857324
0.0023322419729083776
0.0034327151952311397
0.0013031285488978028
0.005988789373077452
0.012212225003167987
0.007255504606291652
0.00821657432243228
0.009883375139907002
0.011292663402855396
0.00695254048332572
0.008934834972023964
0.009731072816066444
0.009138673660345376
0.008481600088998675
0.006566560128703713
0.006023817230015993
0.005026148399338126
0.0070821496192365885
0.006750580156221986
0.004313438665121794
0.006067227106541395
0.007530515315011144
0.0048206395003944635
0.005236425204202533
0.005110980593599379
0.004358742851763964
0.010447425534948707
0.006197551032528281
0.006083589978516102
0.009869739413261414
0.009372278582304716
0.009231113363057375
0.0068294990342110395
0.00702130701392889
0.006197185022756457
0.004967507207766175
0.005766328191384673
0.008025932591408491
0.007358459988608956
0.007199280196800828
0.009318798780441284
0.008169473381713033
0.011504662223160267
0.008415146730840206
0.00747533468529582
0.005964524345472455
0.008961495943367481
0.00923072686418891
0.006951393326744437
0.008320279186591506
0.007006553933024406
0.007951835170388222
0.006678342120721936
0.007271401584148407
0.015421572141349316
0.012090624775737524
0.005524543346837163
0.006660143146291375
0.007979662157595158
0.01097417576238513
0.005664596101269126
0.014070202829316258
0.00804491201415658
0.007959249429404736
0.014262848999351263
0.005928248865529895
0.003969554556533694
0.009966628160327673
0.00441620487254113
0.00902099208906293
0.0083747582975775
0.009678518865257502
0.006059020524844527
0.007255561416968703
0.004070365452207625
0.005903305951505899
0.009377757087349892
0.004822292597964406
0.008779662195593119
0.004035417456179857
0.005147477146238089
0.005083259893581271
0.008691113907843828
0.003925811033695936
0.0043524440843611956
0.008948898408561945
0.00485039793420583
0.00798045308329165
0.005445892456918955
0.008221511263400316
0.005585808772593737
0.006381262559443712
0.006895559374243021
0.004768391838297248
0.006551064550876617
0.006421016296371818
0.00745284918230027
0.0050511861918494105
0.008737922180444002
0.005260616890154779
0.008026584284380078
0.005746963433921337
0.005482781212776899
0.0041276088450104
0.003990655182860792
0.008483639918267727
0.004205194301903248
0.005986996693536639
0.00552342482842505
0.0072998624527826905
0.009412679122760892
0.005978649714961648
0.005904218880459666
0.004584080306813121
0.006897149723954499
0.008021850837394595
0.0032878475030884147
0.006808687467128038
0.007335968082770705
0.00348347844555974
0.005180503940209746
0.003891059197485447
0.0049676073249429464
0.005122645176015794
0.004506292985752225
0.006535727996379137
0.007732284488156438
0.0035465710097923875
0.00655164394993335
0.007304890546947718
0.00948259118013084
0.00555348745547235
0.003930002334527671
0.007501797052100301
0.0038647775072604418
0.005531993694603443
0.004471516236662865
0.005321919918060303
0.009572098962962627
0.003649494843557477
0.00511933583766222
0.003639572998508811
0.006638261489570141
0.004085033666342497
0.00353730539791286
0.006928848335519433
0.008024798007681966
0.008665609871968627
0.010117666330188513
0.00495018030051142
0.007973752915859222
0.008435733150690794
0.008400055579841137
0.0048044363502413034
0.010128894005902112
0.007362997625023127
0.0038362249033525586
0.006151676410809159
0.004450035165064037
0.005332625703886151
0.003960543079301715
0.008592286612838507
0.007070536725223064
0.00342618057038635
0.006267736200243235
0.005180667154490948
0.005049679195508361
0.007381627568975091
0.004643559455871582
0.01128927688114345
0.004362462437711656
0.0035397933097556233
0.00583218433894217
0.003656378830783069
0.002730524749495089
0.003232995979487896
0.0037682325346395373
0.005940453382208943
0.005944964708760381
0.005644552176818252
0.005156619939953089
0.005718976492062211
0.0031187066342681646
0.009354118490591645
0.009004483930766582
0.0051322984509170055
0.004871058277785778
0.0042143021710217
0.008377599762752652
0.005916116526350379
0.0028794307727366686
0.004194229724816978
0.0022982911905273795
0.005866939434781671
0.004512895364314318
0.00605556508526206
0.004543346352875233
0.006621200358495116
0.004802157403901219
0.0028345156461000443
0.009407459991052747
0.003736779442988336
0.005772810894995928
0.0038699371507391334
0.002609141985885799
0.003147460287436843
0.01180214574560523
0.003980544395744801
0.003554703085683286
0.004160902928560972
0.00569784187246114
0.008181271608918905
0.004571584751829505
0.004499596543610096
0.0034434456611052155
0.0031657678773626685
0.003184061381034553
0.0036975264083594084
0.0065376427955925465
0.0035521627869457006
0.004825817886739969
0.003186790505424142
0.004255444626323879
0.004627222660928965
0.0069701215252280235
0.007451117737218738
0.002712708606850356
0.00286947179120034
0.003407880198210478
0.003927482641302049
0.002425612765364349
0.004984371014870703
0.006228562444448471
0.005575886694714427
0.005098573863506317
0.0063822632655501366
0.0028254480566829443
0.00444442848674953
0.003194253076799214
0.00652020110283047
0.0037037974689155817
0.005557982949540019
0.00970743561629206
0.004697541007772088
0.0039850021712481976
0.0033944444730877876
0.0030871618073433638
0.004305347101762891
0.00535460514947772
0.0029103008564561605
0.0070337094366550446
0.004124379134736955
0.0031279358081519604
0.005068421363830566
0.003516068682074547
0.006440672092139721
0.005272456910461187
0.003779896185733378
0.00533848931081593
0.00458461232483387
0.0025683881831355393
0.004694705363363028
0.005335865542292595
0.005663648364134133
0.0037716366932727396
0.0029951626202091575
0.006770474370568991
0.003528264816850424
0.008311302866786718
0.0043793387012556195
0.0035908089485019445
0.0035536320647224784
0.00747953582322225
0.0035358177265152335
0.004221289651468396
0.003771233488805592
0.0048891803016886115
0.006743903737515211
0.007057272712700069
0.003833390772342682
0.005375998793169856
0.007591303787194192
0.003885612590238452
0.007033661939203739
0.003623754600994289
0.002532903163228184
0.002197184949181974
0.00668778910767287
0.005446455907076597
0.003219767182599753
0.002795721055008471
0.00351748731918633
0.0035755515564233065
0.005165517097339034
0.0023859888315200806
0.008610706310719252
0.006465082289651036
0.003606379497796297
0.003463887143880129
0.0024800702231004834
0.0036018426762893796
0.0055900204461067915
0.006630834192037582
0.0028030365938320756
0.006093683885410428
0.0036470432532951236
0.0019140239455737174
0.004108912660740316
0.006419738754630089
0.0031162744853645563
0.0035405795788392425
0.007741942768916488
0.002248695120215416
0.00314133707433939
0.004395043011754751
0.0039681990165263414
0.0030468350742012262
0.0021194543223828077
0.00508480571443215
0.009241194231435657
0.002942454651929438
0.006813903572037816
0.004584839567542076
0.0032522979890927672
0.002503981930203736
0.007824874017387629
0.00355522520840168
0.005011465633288026
0.010362147353589535
0.00290569756180048
0.008288409560918808
0.002319429419003427
0.0035903846146538854
0.004562181769870222
0.004127299529500306
0.009719421388581395
0.0030134657281450927
0.0029385689995251596
0.00727332616224885
0.002716685994528234
0.002898957929573953
0.008134650473948568
0.005726577248424292
0.0018996832077391446
0.0043615722097456455
0.003701206762343645
0.006409371737390757
0.005598557880148292
0.0030369084561243653
0.002796277403831482
0.0019889872055500746
0.003925310098566115
0.006951051647774875
0.003328857710584998
0.0036605343921110034
0.002239810593891889
0.005453537334688008
0.00370027800090611
0.008653667522594333
0.008361056097783148
0.002364391111768782
0.0022683803108520806
0.0025254763895645738
0.006406873115338385
0.00718522141687572
0.0027291691512800753
0.006048798211850226
0.006460708333179355
0.010282321716658771
0.005738821520935744
0.004351607174612582
0.003404114511795342
0.008581768372096121
0.003153648693114519
0.0033745074179023504
0.0027439823606982827
0.008204254321753979
0.007700999383814633
0.011959308525547385
0.003322710399515927
0.008692007511854172
0.0034751782659441233
0.0025489249965175986
0.004366231383755803
0.0019407960353419185
0.004814189858734608
0.0032990581821650267
0.004401126177981496
0.0050116259371861815
0.009871382964774966
0.005479446495883167
0.004312495468184352
0.003586486156564206
0.003853302448987961
0.0022731677163392305
0.004992647154722363
0.003134684171527624
0.0038613701472058892
0.002969308174215257
0.0038608923787251115
0.0026613424997776747
0.0049307215958833694
0.004273112921509892
0.008776438771747053
0.008634744910523295
0.006519069196656346
0.008227291516959667
0.003949536418076605
0.01108777552144602
0.0025005595525726676
0.003580035059712827
0.008093460462987423
0.006371599389240146
0.003305635298602283
0.002946087159216404
0.00491874129511416
0.0053334105759859085
0.0034673938062042
0.007378172478638589
0.005069912760518491
0.005304162274114788
0.005668405792675912
0.008924989611841738
0.004678709898144007
0.009387548780068755
0.005316870170645416
0.002900486229918897
0.0023765151854604483
0.003060255490709096
0.0018981334869749844
0.005907115526497364
0.009027206106111407
0.008044790709391236
0.0022893769200891256
0.00291437772102654
0.0038388693938031793
0.003041613381356001
0.003314463421702385
0.0069137022364884615
0.003710758639499545
0.007234935648739338
0.0031944927759468555
0.0022213837946765125
0.005102486349642277
0.01182329561561346
0.0032938991207629442
0.004429853695910424
0.0036073982482776046
0.002289970521815121
0.003710263641551137
0.005550821661017835
0.004607996437698603
0.00391579931601882
0.0015445921453647316
0.0035897751222364604
0.007089733029715717
0.003974235965870321
0.0026319375028833747
0.004405345185659826
0.003051238600164652
0.0031704542925581336
0.002270305063575506
0.0023144931765273213
0.0022756472462788224
0.0026734190178103745
0.0034800065914168954
0.0038449920248240232
0.002651675953529775
0.0075887462589889765
0.009198854211717844
0.004532787133939564
0.0018821668927557766
0.0029076134669594467
0.0026733135455287993
0.007703497773036361
0.0024698812048882246
0.004461849806830287
0.005426369316410273
0.0029865598771721125
0.005542212224099785
0.0038014243764337152
0.010394804645329714
0.007001810590736568
0.0044236964313313365
0.0021035990212112665
0.0020976597443223
0.011495956685394049
0.0023205570760183036
0.009967748657800257
0.0033661468187347054
0.002645570319145918
0.0033666121307760477
0.0026123379357159138
0.012771975714713335
0.0051476890803314745
0.007724677445366979
0.012585355434566736
0.002271024859510362
0.005237378180027008
0.0031718749087303877
0.0035969780292361975
0.003511917660944164
0.0030261181527748704
0.0026225572801195085
0.003054687986150384
0.004027697897981852
0.0025084297521971166
0.003635920351371169
0.004691141075454652
0.0031178053468465805
0.002347145287785679
0.00496666063554585
0.005709240445867181
0.005115665728226304
0.003312482382170856
0.0027035489911213517
0.011395591543987393
0.005064359284006059
0.002312835888005793
0.007192949764430523
0.0024700085632503033
0.0028106713434681296
0.0026025542756542563
0.0026015130570158362
0.005731129844207317
0.005310302600264549
0.0016095953178592026
0.004961127648130059
0.002118719508871436
0.0023155357339419425
0.0020774767035618424
0.006961347535252571
0.0032670529326424003
0.0014616604312323034
0.002347509376704693
0.008793153159786016
0.003159297222737223
0.0036501060239970684
0.003638077643699944
0.005655884277075529
0.0024841857375577092
0.002997957170009613
0.005774273071438074
0.002719685318879783
0.002672885253559798
0.0025803702883422375
0.0019145473488606513
0.0013502430520020425
0.0033552488312125206
0.004086688510142267
0.003109308425337076
0.0023732176632620394
0.0021264004753902555
0.002028451068326831
0.004061110899783671
0.0018088166834786534
0.010145044885575771
0.0023748816456645727
0.005536736047361046
0.005876438692212105
0.0024156064027920365
0.0029439337668009102
0.00964408298023045
0.003697384614497423
0.0029042650712653995
0.003367569064721465
0.002249611949082464
0.0020660414593294263
0.002027352398727089
0.007423812290653586
0.0024746909039095044
0.002129055152181536
0.0023673996329307556
0.0032098921947181225
0.0075195422396063805
0.004393067327328026
0.003573925234377384
0.0017367088585160673
0.002963869832456112
0.00287663476774469
0.0033826882718130946
0.0032767796074040234
0.0013680086703971028
0.0030257481848821044
0.0032661707373335958
0.004886652517598122
0.0037143967347219586
0.005197853432036936
0.00810863362858072
0.0025099925696849823
0.002514283696655184
0.003766834270209074
0.003511553048156202
0.0027450259076431394
0.004482160089537501
0.00875687861116603
0.0018711414886638522
0.0026323810452595353
0.0019702130230143666
0.0027834040811285377
0.003004541271366179
0.006012225057929754
0.005669329548254609
0.004662236315198243
0.005038445466198027
0.007615558337420225
0.0020758307655341923
0.008586926735006273
0.0024923336459323764
0.002262178808450699
0.002692252630367875
0.003319260838907212
0.003699218505062163
0.004300308530218899
0.0017914114869199693
0.0064835441298782825
0.0055990415858104825
0.0017556948587298393
0.001237102464074269
0.004693623399361968
0.002792780054733157
0.004087357665412128
0.0032648679334670305
0.005860708421096206
0.002013025397900492
0.006656221812590957
0.0028895768336951733
0.0033244702499359846
0.00394440651871264
0.0021003871224820614
0.003167591872625053
0.004388900590129197
0.002882951812352985
0.0023882267414592206
0.0018822098500095308
0.0019687835010699928
0.006838786124717444
0.0022130095749162138
0.0029037557542324066
0.002248149015940726
0.0016969278221949935
0.004694913746789098
0.002158557588700205
0.00326783605851233
0.0021008511539548635
0.0029908588621765375
0.004866093397140503
0.006395125179551542
0.0023809124249964952
0.003324094112031162
0.010265348944813013
0.005079046590253711
0.005464223911985755
0.0019279691623523831
0.0030950578511692584
0.0029705653432756662
0.00637891236692667
0.0049301538383588195
0.003594683250412345
0.005620595067739487
0.005015582137275487
0.006696971831843257
0.0020028993603773415
0.0022559386561624706
0.003416137187741697
0.0016206179279834032
0.004367592511698604
0.0022393770050257444
0.004685408319346607
0.003881841490510851
0.004610966891050339
0.001798909215722233
0.0019364605541341007
0.0032700124429538846
0.0020738044404424727
0.002167424070648849
0.0015743483672849834
0.002670637797564268
0.0045060086995363235
0.0025773905217647552
0.0029892686288803816
0.005032881395891309
0.003337044850923121
0.0023522964911535382
0.0017485586286056787
0.0029843716183677316
0.0020970013574697077
0.002063289866782725
0.006301456014625728
0.005665648961439729
0.0032032891758717597
0.002248122589662671
0.0035943968687206507
0.0031704800203442574
0.0023777636233717203
0.007140893954783678
0.0022199930099304765
0.0038824158255010843
0.003534277551807463
0.002843251742888242
0.008496397291310132
0.004346585250459611
0.007000780431553721
0.0030299342470243573
0.0036436524242162704
0.004770809086039662
0.0029093578923493624
0.003978546999860555
0.004480885458178818
0.0035850541898980737
0.0035226523177698255
0.007086686440743506
0.0029206605395302176
0.008725740539375693
0.00399264128645882
0.0028411863022483885
0.0019477282767184079
0.0037247659638524055
0.004613630939275026
0.007509911549277604
0.0033177421428263187
0.003526234708260745
0.0027437579119578004
0.0014928048476576805
0.004583032103255391
0.007751947734504938
0.004715791903436184
0.003194132004864514
0.002912572817876935
0.005343871773220599
0.007533743511885405
0.0021199104376137257
0.006564835959579796
0.0016342588351108134
0.0032866756664589047
0.002130646607838571
0.011078259442001581
0.004677893361076713
0.004291058634407818
0.006645610672421753
0.0036404982674866915
0.002884301997255534
0.001880759431514889
0.002899753861129284
0.003044960496481508
0.0020353836589492857
0.005763661582022905
0.004529355617705733
0.001977452135179192
0.0037694156053476036
0.0026312851114198565
0.0029703957843594253
0.003556582611054182
0.0017055920325219631
0.004332173557486385
0.0026178393745794892
0.004134995571803302
0.0031922924099490047
0.002791532431729138
0.005364645505324006
0.004621099913492799
0.0028188208816573024
0.00214921502629295
0.0036496034590527415
0.0020374877494759858
0.003454474383033812
0.00595425593201071
0.0019478757167235017
0.002430867520160973
0.005100853624753654
0.0018321656389161944
0.004008605144917965
0.0019369912333786488
0.003878302755765617
0.002921701059676707
0.003963262075558305
0.003449025796726346
0.0026044066180475056
0.0026274847332388163
0.006491169333457947
0.003006061422638595
0.006081937113776803
0.004236859851516783
0.006184748373925686
0.0020673221442848444
0.004892600700259209
0.006873096921481192
0.002929548209067434
0.0025227091973647475
0.004922078689560294
0.004802708164788783
0.002290627919137478
0.0014257506700232625
0.0034976864117197692
0.0013973628520034254
0.0024468585615977645
0.006610037758946419
0.007134046114515513
0.0022903274511918426
0.002719551674090326
0.0025728855980560184
0.004111317452043295
0.0027581944596022367
0.0019299550913274288
0.006358081009238958
0.002672165399417281
0.0026972712948918343
0.003979873261414468
0.003360822214744985
0.004863152513280511
0.0062817418947815895
0.0027978637954220176
0.001885870355181396
0.002881652442738414
0.001070774596882984
0.003908870043233037
0.0016787562053650618
0.0022232038900256157
0.006455536116845906
0.003893217188306153
0.002697332645766437
0.005157383275218308
0.002407639753073454
0.002664791652932763
0.01745029748417437
0.0019028421374969184
0.0021768552833236754
0.002269509364850819
0.0024940192233771086
0.0019164617988280952
0.0021119758603163064
0.0015784758143126965
0.001843358390033245
0.006135313073173165
0.007578377611935139
0.0022758368286304176
0.0033201902406290174
0.0029552028281614184
0.0066570782801136374
0.010287646320648491
0.0032718158327043056
0.005087583034764975
0.002365106367506087
0.004409799003042281
0.00321028137113899
0.0024969534715637565
0.0035382662899792194
0.00336840539239347
0.002906851703301072
0.002985703758895397
0.0028746884781867266
0.00404234032612294
0.0075780781917274
0.0029923018300905824
0.004157453891821206
0.003949400968849659
0.0031145360553637147
0.0071808036882430315
0.0016041898634284735
0.0034664208069443703
0.0022776328260079026
0.008319938788190484
0.0021061612060293555
0.0020749842515215278
0.0035210896749049425
0.0019859701860696077
0.0039182588225230575
0.0050787548534572124
0.0024232175201177597
0.004318394116126001
0.0024251656141132116
0.0038209802005439997
0.0013762330636382103
0.004349168157204986
0.001869678555522114
0.0030463471775874496
0.004061095649376512
0.0034975542221218348
0.0034896377474069595
0.008291683159768581
0.004198557697236538
0.0022847296204417944
0.0017573833465576172
0.00604871945688501
0.005951546598225832
0.0025981817161664367
0.0012514912814367563
0.0038332908879965544
0.0043809712515212595
0.0014700114261358976
0.002149680571164936
0.0034261810360476375
0.004100502061191946
0.003902800555806607
0.0067688311683014035
0.002689958084374666
0.0023492486216127872
0.0026706058997660875
0.0024406530428677797
0.002956584678031504
0.002969198569189757
0.0022502467618323863
0.004113984585274011
0.002069450623821467
0.00242259178776294
0.0033180300379171968
0.001943118346389383
0.0024764767149463296
0.005251406226307154
0.00818523927591741
0.002625861729029566
0.0026607573381625116
0.00441415689419955
0.004791905521415174
0.0018454575911164284
0.0017610657378099859
0.004670488298870623
0.0043660474475473166
0.004002407193183899
0.004519730806350708
0.0021351732430048287
0.0038119878154248
0.001924795564264059
0.002278343483339995
0.0030457560787908733
0.003232345567084849
0.0024353587068617344
0.006476672482676804
0.0018135345308110118
0.0038036268670111895
0.0028781727887690067
0.008813497144728899
0.0017059952951967716
0.0017876772908493876
0.005536421551369131
0.004585822462104261
0.004981865058653057
0.002480764698702842
0.0034112983848899603
0.002876693441066891
0.0038925635162740946
0.003297761082649231
0.005691989790648222
0.002457666036207229
0.005567597458139062
0.004895731923170388
0.0026182621950283647
0.003287660889327526
0.0024059691932052374
0.006894037360325456
0.002449917607009411
0.005108466721139848
0.005308562074787915
0.0023676640121266246
0.0021701240038964897
0.0016010410035960376
0.0026317924493923783
0.008700512582436204
0.0026278416626155376
0.0018452497315593064
0.0029096209327690303
0.006616208236664534
0.002886253991164267
0.001753377029672265
0.0018411852652207017
0.0015950340894050896
0.0017489627352915704
0.005659590708091855
0.0018197501776739955
0.002771511732134968
0.0032620361307635903
0.0020910694147460163
0.0032974553760141134
0.0035439709899947047
0.0021962193422950804
0.0022817266290076077
0.008564551826566458
0.002114555158186704
0.002132047200575471
0.003804320760536939
0.0027212296263314784
0.0017509163008071482
0.00128038419643417
0.0028419677983038127
0.001315167115535587
0.0022078566253185272
0.006598995183594525
0.005872913869097829
0.004975988762453198
0.003194367920514196
0.0043286825530231
0.003310453612357378
0.004415311559569091
0.003736058948561549
0.003420311666559428
0.0052646067924797535
0.0028228427981957793
0.0018570056417956948
0.004071767791174352
0.001827038184273988
0.0033385608112439513
0.0022559676435776055
0.004568727919831872
0.002431091503240168
0.0010907096439041197
0.0032596756936982274
0.005793454824015498
0.008418912999331951
0.005422217596787959
0.0027408493915572762
0.005299753393046558
0.0028628171421587467
0.0033816449576988816
0.007267713255714625
0.006095945136621594
0.006256895721890032
0.0020540632540360093
0.004926433553919196
0.002622151921968907
0.0020222937455400825
0.0029327006777748466
0.0017340397462248802
0.0033127355854958296
0.0034833232639357448
0.0030977909918874502
0.0036622207844629884
0.0017892480827867985
0.0020168530172668397
0.0026578244287520647
0.004007569747045636
0.00232118705753237
0.004192316206172109
0.004187017562799156
0.0013204415445216
0.004673209157772362
0.0036130787048023194
0.0036889088805764914
0.004176286049187183
0.0025394572876393795
0.003772245196159929
0.0022662229603156447
0.0032526805298402905
0.004259481327608228
0.00498796661850065
0.003033429500646889
0.0012797999661415815
0.00358972093090415
0.0029765029903501272
0.002622581785544753
0.0016180808888748288
0.007360747898928821
0.004336959682404995
0.0015323670231737196
0.004920939565636218
0.0030721828807145357
0.0019063542131334543
0.0025500033516436815
0.002733971574343741
0.0034320673439651728
0.00456604827195406
0.0035244235768914223
0.0062394903507083654
0.0014180050930008292
0.01196271600201726
0.0026524440618231893
0.00334408029448241
0.004685582127422094
0.0023464671103283763
0.004659222438931465
0.005179630359634757
0.002842566347680986
0.0021326689748093486
0.0016155773773789406
0.0038919796934351325
0.005162316374480724
0.0017784348456189036
0.0026023532263934612
0.005683568888343871
0.001323286909610033
0.0031801521545276046
0.0025876547442749143
0.005230070091784
0.0024590734974481165
0.0026460280641913414
0.002964366343803704
0.007012455025687814
0.007179960026405752
0.0023251157836057246
0.002268260286655277
0.0027663155924528837
0.0016423845663666725
0.0011347723193466663
0.005535337841138244
0.008113060612231493
0.004303958732634783
0.0017009911825880408
0.0032295092823915184
0.0018651606515049934
0.0017252020188607275
0.0063289550598710775
0.0045252335257828236
0.0025556779000908136
0.005429573182482272
0.002975364332087338
0.0023757696617394686
0.0036612857365980744
0.004741210606880486
0.002467752667143941
0.0023395188618451357
0.0016365057090297341
0.0018871460924856365
0.0030262336367741227
0.0072713037370704114
0.002166301303077489
0.0016501760110259056
0.00518338696565479
0.0018466445617377758
0.00333086698083207
0.0036886860616505146
0.0032843785593286157
0.001645650656428188
0.0031934905564412475
0.003669460245873779
0.0031138616614043713
0.005027461622375995
0.003607241902500391
0.0019510428537614644
0.0027546235360205173
0.00216768856626004
0.006187707185745239
0.0024328138679265976
0.004247189965099096
0.0016582131502218544
0.00366705481428653
0.0018221987993456423
0.004199169285129756
0.00393104221438989
0.0028718868270516396
0.004930421710014343
0.002373898751102388
0.0038840915076434612
0.004637934733182192
0.0042594491969794035
0.005771243711933494
0.004431642359122634
0.0015635407762601972
0.0020945316064171493
0.00468842126429081
0.0022991281584836543
0.007473944686353207
0.0022009595413692296
0.002314426936209202
0.002106093568727374
0.0020971394842490554
0.0037091744015924633
0.0029067346767988056
0.006959282094612718
0.002865038870368153
0.002922986983321607
0.0036709902342408895
0.0012545951176434755
0.0017407555715180933
0.004816137836314738
0.0026746508083306253
0.001571289380080998
0.0016514214221388102
0.001194405893329531
0.004678711178712547
0.0016214688075706363
0.002475366520229727
0.003739763516932726
0.007482839515432715
0.0028758238768205047
0.0013116573099978268
0.002491100342012942
0.003758865059353411
0.002871024189516902
0.0016649539466015995
0.0034877844154834747
0.003081907576415688
0.005403985036537051
0.0015757211367599666
0.0020835860050283372
0.0034076188458129764
0.0014972264179959893
0.0024351392639800906
0.0026566063752397895
0.005682685412466526
0.0028433349216356874
0.0048277429305016994
0.0015276082849595696
0.0013466929667629302
0.0054121214197948575
0.002031490788795054
0.004021177301183343
0.002049695234745741
0.007692250423133373
0.0017517807427793741
0.0010590041056275368
0.003673749743029475
0.002631687850225717
0.0028286874294281006
0.0024559964367654175
0.0026856621261686087
0.0016447819652967155
0.0030654164729639888
0.007054921938106418
0.002862346125766635
0.004310860647819936
0.005294661910738796
0.002937179000582546
0.0011923210113309324
0.001311775209615007
0.003981509478762746
0.003601086209528148
0.003442512243054807
0.0012985782232135534
0.00514577585272491
0.00610315939411521
0.005216464458499104
0.002746115264017135
0.0073623051866889
0.0016658061067573726
0.006597827770747244
0.0029468887951225042
0.004946497734636068
0.001977161969989538
0.004706856911070645
0.002561255998443812
0.008297422726172954
0.007593056070618331
0.0016423790948465466
0.0014045253628864884
0.0026515835779719055
0.002897862927056849
0.0050475787138566375
0.004306088318116963
0.007315707392990589
0.0031584693351760507
0.002506534627173096
0.008776140864938498
0.002725198515690863
0.004455907037481666
0.005035442067310214
0.0051771916332654655
0.001613133936189115
0.002317192789632827
0.002614735276438296
0.0014517851523123682
0.0036351815797388554
0.004736707953270525
0.003278488991782069
0.0015877282712608576
0.0028966449899598956
0.004839530913159251
0.002351707429625094
0.004440195392817259
0.0024598751915618777
0.004083698120666668
0.006672885734587908
0.0026684041367843747
0.002231069200206548
0.002865962451323867
0.003142628469504416
0.00225085171405226
0.0036011604825034738
0.002976983436383307
0.004799650167115033
0.006265480071306229
0.0033730962313711643
0.004329480929300189
0.004271237994544208
0.00204267306253314
0.0023647789494134486
0.0015024737222120166
0.0022785020992159843
0.003459049214143306
0.005089792190119624
0.002484693715814501
0.0025075512239709496
0.002985019178595394
0.002444363897666335
0.0025595775805413723
0.009722928050905466
0.003301432356238365
0.002837200998328626
0.0023165433085523546
0.007217963342554867
0.0020855374168604612
0.0019486740347929299
0.0018845077720470726
0.001741624902933836
0.0036548083880916238
0.0028860909515060484
0.006920028245076537
0.0030863628489896655
0.0038533846382051706
0.0026661469601094723
0.002433301357086748
0.001957433298230171
0.0031796060502529144
0.0019757249392569065
0.0056059821508824825
0.0021098792203702033
0.0015714542241767049
0.002131367684341967
0.003004131664056331
0.0023926898720674217
0.00292685633758083
0.0017415672773495317
0.0018165821093134582
0.0037842561723664403
0.002539241686463356
0.003136978135444224
0.007234407588839531
0.004073202493600547
0.00346747157163918
0.0022973379818722606
0.0018468598136678338
0.002458594797644764
0.0023630873765796423
0.0021638005564454943
0.004073973628692329
0.002803222741931677
0.0016373090911656618
0.004787024692632258
0.0020689053926616907
0.005259857163764536
0.001647431286983192
0.004583094967529178
0.0023342821514233947
0.005632973276078701
0.0017804147209972143
0.004635490127839148
0.001946544914972037
0.0026904105325229466
0.0015069158980622888
0.003205181856174022
0.0020234380499459803
0.002551981364376843
0.0018260012730024755
0.0028698472306132317
0.0029848363483324647
0.0030868331668898463
0.0021509540383704007
0.002862561959773302
0.0055874669924378395
0.001636302680708468
0.004255057079717517
0.0028393245302140713
0.006341227097436786
0.0017273271223530173
0.0018931524245999753
0.004325216403231025
0.0022324579767882824
0.0014706883230246603
0.0021217382745817304
0.0035400643246248364
0.0015298158978112042
0.004498836467973888
0.002759670838713646
0.002007498813327402
0.004307323484681547
0.002657569944858551
0.004057103884406388
0.0017298390448559076
0.001734649995341897
0.0016623956034891307
0.006456841714680195
0.00202684395480901
0.0026672538369894028
0.006168761290609837
0.0012637980398721993
0.0020671416423283517
0.0018773318151943386
0.0028254539938643575
0.002963980659842491
0.0025273633073084056
0.0027317828498780727
0.0021529070800170302
0.0018144110799767077
0.0027022247086279094
0.000926114764297381
0.007679244736209512
0.011253950651735067
0.0026616668328642845
0.002147786086425185
0.001814104791264981
0.0015156544977799058
0.004017685307189822
0.0024175007711164653
0.0027120360755361617
0.001420864078681916
0.0016680085682310164
0.004191845306195319
0.003157708211801946
0.0029619206907227635
0.0020505202119238675
0.005916551628615707
0.002046764246188104
0.004174205008894205
0.0029236843110993505
0.0022363715106621385
0.004506693338043988
0.0026588753098621964
0.0022181516978889704
0.0018897107220254838
0.002248081669677049
0.002519548579584807
0.002207538578659296
0.0036171182873658836
0.011708354577422142
0.0028218263760209084
0.0014498679665848613
0.003963936702348292
0.0018010882777161896
0.0011369111598469317
0.009475397615460679
0.0045427363365888596
0.0034089258406311274
0.0016564280376769602
0.004566271090880036
0.0018377744709141552
0.0038754706038162112
0.0021805017604492605
0.0019343323074281216
0.0018092324608005583
0.005253033945336938
0.007136351719964296
0.004252880928106606
0.008253941778093576
0.0020136040402576327
0.0032740995520725846
0.0038974095950834453
0.0018549178494140506
0.001784311723895371
0.00428106589242816
0.002020293613895774
0.0018578392337076366
0.0014949787291698158
0.0038707394269295037
0.008409905713051558
0.0016517346957698464
0.002769090060610324
0.004353722441010177
0.0038927921559661627
0.0011381023796275258
0.00390779972076416
0.0012862405856139958
0.0017346108215861022
0.004536840016953647
0.0015473695239052176
0.0012498539872467518
0.005283364676870406
0.0033391693141311407
0.007066983496770263
0.002857762505300343
0.0027902533765882254
0.002111988957040012
0.0022097855107858777
0.002401224453933537
0.0029186075553297997
0.003151878365315497
0.0022907342645339668
0.003748239832930267
0.00276862207101658
0.0030950686195865273
0.004489163169637322
0.0017679507145658135
0.0016298824339173734
0.0021333848126232624
0.0028933819849044085
0.0036990507505834103
0.0032823936780914664
0.0016211984911933541
0.0028583419625647366
0.0036812368780374527
0.0014103035791777074
0.0016482046921737492
0.004989404929801822
0.00599079648964107
0.004705032799392939
0.0016949978889897466
0.0021478310809470713
0.00827130360994488
0.0010173085029236972
0.001249780791113153
0.003288152045570314
0.0012109942908864468
0.0023655775003135204
0.0036825023125857115
0.001372667495161295
0.0031423214823007584
0.008191419765353203
0.0020563678117468953
0.0016509441775269806
0.0020933664054609835
0.002439189061988145
0.009147696429863572
0.006498939997982234
0.002745447913184762
0.0014477784279733896
0.009391169412992895
0.0026771590346470475
0.004118399112485349
0.0023994516814127564
0.0034901894396170974
0.0011613566020969301
0.0021749258157797158
0.0016194243216887116
0.0018313777982257307
0.0029309545643627644
0.0016135320183821023
0.0017654895200394094
0.002544360584579408
0.011579161509871483
0.0017558851395733654
0.0022298875264823437
0.002862522262148559
0.0011905716091860086
0.003110209130682051
0.002198468311689794
0.007215793943032622
0.0014541439595632255
0.0020305623183958232
0.003220543672796339
0.002091253874823451
0.001763750275131315
0.008186524733901024
0.0021286492119543254
0.0014080624387133867
0.004145035520195961
0.004209219012409449
0.00646907149348408
0.005571970134042203
0.006276061409153044
0.00761229288764298
0.0018804247956722975
0.00759979453869164
0.0016451923293061554
0.005430150311440229
0.002023913082666695
0.0016985181136988103
0.004937245161272585
0.0023785089142620564
0.005873544723726809
0.002398209704551846
0.0017104119760915637
0.009284026687964797
0.0017618471756577492
0.0018903603195212781
0.006299002096056938
0.0018629616242833436
0.002095613337587565
0.001742514898069203
0.003826567844953388
0.003064900520257652
0.006683875573799014
0.003781030303798616
0.006546101358253509
0.005702562688384205
0.004537320928648114
0.0021562643232755363
0.007549844915047288
0.0051409779116511345
0.002605273970402777
0.0024375258944928646
0.0061101894825696945
0.0017785104573704302
0.003488750196993351
0.002087098080664873
0.0036821317626163363
0.0026340874028392136
0.003038099850527942
0.004666724824346602
0.0036908359033986926
0.006633507437072694
0.0022565600811503828
0.006425374071113765
0.006022705230861902
0.00830409291666001
0.0026153563521802425
0.0028011753456667066
0.003384095150977373
0.001184084394481033
0.0016169757582247257
0.007044106139801443
0.006841915426775813
0.002509551413822919
0.005443992558866739
0.004277756379451603
0.0015843589208088815
0.0036460666451603174
0.007837737444788218
0.001176169782411307
0.0016611264436505735
0.003575420822016895
0.00979595072567463
0.0011320105695631355
0.0022792675299569964
0.004206399549730122
0.002004718058742583
0.003925412544049323
0.007098810048773885
0.007220573723316193
0.0035014862660318613
0.003976839128881693
0.007079100934788585
0.008333559148013592
0.004770463448949158
0.0010933063167613
0.006502035539597273
0.0027382472762838006
0.0009326843137387186
0.0030451796483248472
0.003400079789571464
0.002105904510244727
0.0036283895606175065
0.0028163715032860637
0.0032980637915898114
0.0028462500777095556
0.0017126790480688214
0.0018365318537689745
0.0032475919579155743
0.003805311629548669
0.0011401299852877855
0.0038363351486623287
0.0017522798152640462
0.0041424126829952
0.0031231666216626763
0.0019200267852284014
0.0018996975850313902
0.001713945297524333
0.0027659161714836955
0.004444824764505029
0.0068626017309725285
0.002959048142656684
0.003885258687660098
0.002180260722525418
0.0031885883072391152
0.006352026481181383
0.003456589998677373
0.006957597914151847
0.0021289558499120176
0.002078153775073588
0.0019526699325069785
0.0037362445145845413
0.002757255861070007
0.0022735289530828595
0.005705930641852319
0.0023283411865122616
0.006713694892823696
0.0027938997372984886
0.0024726453702896833
0.0032576548401266336
0.0026287404471077025
0.0020078012603335083
0.0023649305221624672
0.003936022752895951
0.006025614449754357
0.0029133831849321723
0.0031295149819925427
0.0024974713451229036
0.002593501063529402
0.0016279316623695195
0.0033521433360874653
0.0019807853386737406
0.0035346278455108404
0.0014683849876746535
0.0025013910490088165
0.0019223103299736977
0.0015464905300177634
0.0028414730331860483
0.0029760237084701657
0.0014432829339057207
0.0026450076256878674
0.0019652724731713533
0.0033700577914714813
0.002396927447989583
0.002229437232017517
0.004413620394188911
0.003579541342332959
0.007365379715338349
0.009684950346127152
0.0017925529391504824
0.005202824657317251
0.002541197231039405
0.0024770821910351515
0.0027462744619697332
0.0035252118250355124
0.003999037086032331
0.0024025951861403883
0.002788222802337259
0.0018488355563022196
0.003433488542214036
0.007650768384337425
0.0017941210535354912
0.004469454055652022
0.0021943748579360545
0.004532473860308528
0.0017801073263399303
0.0026608386542648077
0.002869321731850505
0.0015669672284275293
0.0033662073547020555
0.001150825701188296
0.0024826308945193887
0.0013621150574181229
0.0023246410419233143
0.0014088480966165662
0.00208176311571151
0.002425722195766866
0.0030522599117830396
0.002362307976000011
0.0016480384510941803
0.005899705516640097
0.0016178871737793088
0.0019987792475149035
0.004476654925383627
0.0021143368212506175
0.002847911004209891
0.002587886177934706
0.0033560857409611344
0.0017100833356380463
0.0016915472224354744
0.004325656977016479
0.001502997416537255
0.002567617571912706
0.001639329711906612
0.0015795031213201582
0.0035895605105906725
0.0055408551706932485
0.004315016441978514
0.005295855109579861
0.0018800685065798461
0.0018864828161895275
0.0032812467543408275
0.0011954885558225214
0.003924485528841615
0.005342802789527923
0.005900558549910784
0.004344024695456028
0.0021334816701710224
0.001948179502505809
0.002380277728661895
0.0022778790444135666
0.004977728007361293
0.006231711886357516
0.0017330991686321795
0.00352340133395046
0.006552325910888612
0.0020000491640530527
0.003979453817009926
0.007375573506578803
0.0012954366393387318
0.001364614232443273
0.0025787035701796412
0.007514581549912691
0.00222618953557685
0.0019467154634185135
0.00155983172589913
0.004172954708337784
0.00203400244936347
0.0025478159077465534
0.004370270180515945
0.01032206742092967
0.0022532002185471356
0.005979146691970527
0.0018426759052090347
0.00609238725155592
0.0027029397897422314
0.0028274859650991857
0.0024906054604798555
0.0017276996513828635
0.0024998304434120655
0.004281254252418876
0.0010958234779536724
0.001560130505822599
0.002770397230051458
0.00151667813770473
0.00217169220559299
0.010535070206969976
0.003089206642471254
0.012304844451136887
0.008176053990609944
0.0030197318410500884
0.0021004800219088793
0.0025979901547543705
0.005349601386114955
0.004359479993581772
0.0027683707885444164
0.0031004567281343043
0.008321022673044354
0.0018463660380803049
0.002195366541855037
0.004665101645514369
0.002403659513220191
0.003204916254617274
0.0034735396620817482
0.0027493126690387726
0.0019845656934194267
0.0062399349408224225
0.003158144187182188
0.0013864805805496871
0.0015059213037602603
0.002877593651646748
0.0030703539960086346
0.0016002124757505953
0.002944877778645605
0.0037300533149391413
0.0039108325727283955
0.001317299494985491
0.002064373344182968
0.0013222391717135906
0.002729076659306884
0.0025319430860690773
0.0014581226860173047
0.00926439673639834
0.0030896010575816035
0.004880518128629774
0.002689323970116675
0.0021072347299195826
0.001592705782968551
0.0008619265863671899
0.002935435390099883
0.0018747510621324182
0.00573509547393769
0.0027867931639775634
0.0012526994105428457
0.003147652721963823
0.002005787333473563
0.002360655111260712
0.0016406331560574472
0.004928849637508392
0.0034289915347471833
0.001919299247674644
0.004077757941558957
0.0031972513534128666
0.003677425207570195
0.004310599179007113
0.0025503644137643278
0.001999239349970594
0.0027249613776803017
0.0035910364240407944
0.0045846879365853965
0.0018560829921625555
0.003475559293292463
0.004248284501954913
0.0024833346833474934
0.0038972191978245974
0.0026088148588314652
0.002199122332967818
0.004780974704772234
0.0031068187672644854
0.004448055871762335
0.005869631917448714
0.006011271383613348
0.002261027053464204
0.002541358524467796
0.002095026255119592
0.003939800779335201
0.004704857477918267
0.00284328730776906
0.0011353284353390336
0.0012498492724262178
0.0014613332459703088
0.0037542007630690932
0.006673205178231001
0.003544199629686773
0.002204795484431088
0.0014071650221012533
0.002100266166962683
0.0012227004044689238
0.0018576373113319278
0.002566930023021996
0.0013212542980909348
0.0035103149712085724
0.0010632490157149732
0.0021818007808178663
0.0023624859750270844
0.0022087469114921987
0.001900653645861894
0.0024274500319734216
0.001979215012397617
0.0007541133963968605
0.0050409865798428655
0.0047747784410603344
0.0021452004148159176
0.0022868005326017737
0.0045291397254914045
0.004951757728122175
0.0016307535697706044
0.0009632419387344271
0.0007903629157226533
0.001367707154713571
0.002197527210228145
0.004867703770287335
0.0019363073515705764
0.0022183963446877897
0.0034026969224214554
0.004488560953177512
0.005611745757050812
0.002460828283801675
0.0022288651089183986
0.00518715928774327
0.0023809674894437194
0.0022780047729611397
0.0052776256343349814
0.0022965737734921277
0.0018696276820264757
0.0016353530809283257
0.0024210643023252487
0.003435705788433552
0.0010922201327048242
0.002512869075872004
0.0034417022252455354
0.0018295225454494357
0.001087075041141361
0.002636984456330538
0.0021490836516022682
0.0021298431092873216
0.003068747464567423
0.0019822465837933123
0.004478488175664097
0.007560364902019501
0.003130792116280645
0.006755331880412996
0.0019381039310246706
0.0018850343185476959
0.001992645498830825
0.002276582643389702
0.003030096588190645
0.0036892080679535866
0.0019258890533819795
0.001000083633698523
0.002791902399621904
0.004665367538109422
0.002294450532644987
0.002638822188600898
0.0017935173818841577
0.0017561251297593117
0.0022516230237670243
0.0037455150159075856
0.0027170506946276873
0.00316662440309301
0.0063428550492972136
0.004305092268623412
0.0016825356287881732
0.0034287492162548006
0.0049716056091710925
0.007552368333563209
0.0022847841028124094
0.0014709682436659932
0.010180997662246227
0.0028360661235637963
0.0028979310300201178
0.0019795051775872707
0.0019345671171322465
0.002271512756124139
0.008947879076004028
0.004194812790956348
0.0017032999894581735
0.007974321488291025
0.01067396835424006
0.007665724493563175
0.0016429141978733242
0.0035091821919195354
0.0012456585536710918
0.0034060849575325847
0.003059650771319866
0.0021567880758084357
0.004326007561758161
0.003553648479282856
0.0025672863703221083
0.003087796736508608
0.0015761760878376663
0.004106059204787016
0.0031067359959706664
0.0025020164903253317
0.0013178003719076514
0.004030731972306967
0.002063818625174463
0.0019271927303634584
0.0010013952851295471
0.006026169750839472
0.0019301847787573934
0.0025556302862241864
0.0025369420181959867
0.002624937565997243
0.002648225345183164
0.0026926376158371568
0.0019350408401805907
0.007152102421969175
0.0021449942723847926
0.0029232307570055127
0.003237470635212958
0.0029340721084736288
0.0013258248218335211
0.00279049389064312
0.0023063705884851515
0.0013183740084059536
0.0013604630948975682
0.0037258967640809715
0.0013300666469149292
0.0032720513409003615
0.0014092379133217037
0.0017345384694635868
0.0020472558680921793
0.0021252884180285037
0.0019189271843060851
0.0017947739688679576
0.0027795942733064294
0.0016901618801057339
0.0019041556806769222
0.0024806639703456312
0.0022310747881419957
0.003313788678497076
0.0020960455294698477
0.0015381983830593526
0.0026763329515233636
0.008345121517777443
0.0026471955934539437
0.0021735355840064585
0.001583737786859274
0.002807895536534488
0.0023855745093896985
0.002006078721024096
0.001530765846837312
0.008048110757954419
0.0018546364735811949
0.0016571926535107195
0.0017597038531675935
0.0021230645361356437
0.0017314793076366186
0.0036615555873140693
0.0028774364036507905
0.001628766825888306
0.0026249676011502743
0.010133423609659076
0.003045535762794316
0.004604521440342069
0.0025192664470523596
0.005951286060735583
0.001099905523005873
0.006005952600389719
0.001922213938087225
0.004091170849278569
0.0011943184945266694
0.0009324505517724901
0.0028344207967165858
0.0024840030819177628
0.004106227541342378
0.002501318114809692
0.0030325771076604724
0.0026424373500049114
0.008532600710168481
0.003913425782229751
0.0023889750009402633
0.001906290592160076
0.002083905041217804
0.001899602240882814
0.002438754716422409
0.0025293390499427915
0.0037624494871124625
0.004733920504804701
0.0036467884201556444
0.004341406282037497
0.0009230452997144312
0.0031240811804309487
0.006793551961891353
0.0010438477620482445
0.009158643893897533
0.006575042672920972
0.0029265194898471236
0.0074140256037935615
0.0026767613599076867
0.002981941099278629
0.0059922507498413324
0.0026405714452266693
0.00121072112233378
0.00155492004705593
0.003245939326006919
0.0058259242214262486
0.0012847812613472342
0.0010768785723485053
0.0020489601301960647
0.0012243370874784887
0.0008515389054082334
0.003116412553936243
0.0031722788116894662
0.004704235820099711
0.00939571438357234
0.001945154508575797
0.002752187312580645
0.0020235294941812754
0.0017845772090367973
0.00157878763275221
0.0020091384649276733
0.0008943000575527549
0.00388195738196373
0.0020048526348546147
0.0016698725521564484
0.002080623875372112
0.0020285037462599576
0.0013773012615274638
0.0027416714001446962
0.004966275999322534
0.001357941364403814
0.0025534327724017203
0.0011761788045987487
0.004680815385654569
0.0010551247978582978
0.0018859734991565347
0.005882823723368347
0.0015124980127438903
0.0016785950283519924
0.0019158319919370115
0.0022725511516910046
0.006197370763402432
0.002158676041290164
0.005062030744738877
0.001982723129913211
0.002323630847968161
0.0015442889125552028
0.0027011558413505554
0.0008153499511536211
0.005550609435886145
0.0014900363748893142
0.002057528938166797
0.001978543121367693
0.0012536543072201312
0.0025935781886801124
0.005322324577718973
0.0026887322310358286
0.002676987962331623
0.0025317217805422843
0.004517163848504424
0.010604048613458872
0.000993336841929704
0.005352720385417342
0.0036400971584953368
0.0009943250915966928
0.0025607862044125795
0.001267626794287935
0.0020046676509082317
0.0028613273170776665
0.0014921013498678803
0.0011800203355960548
0.0010683596192393452
0.001827577711082995
0.005769059411250055
0.0015982651093509048
