0.0
0.0
0.0
0.0
0.0
0.016666666915019352
0.014285714498588018
0.012500000186264515
0.011111111276679568
0.010000000149011612
0.018181818452748386
0.016666666915019352
0.015384615613864018
0.014285714498588018
0.013333333532015483
0.012500000186264515
0.01176470605766072
0.011111111276679568
0.010526315946328012
0.010000000149011612
0.009523809665725344
0.009090909226374193
0.013043478455232538
0.012500000186264515
0.012000000178813934
0.011538461710398015
0.011111111276679568
0.010714285873941012
0.01034482774035684
0.010000000149011612
0.009677419499043495
0.009375000139698386
0.009090909226374193
0.00882352954324554
0.011428571598870414
0.011111111276679568
0.010810810971904445
0.013157894932910016
0.012820513011553349
0.015000000223517418
0.014634146559529188
0.016666666915019352
0.018604651440021602
0.018181818452748386
0.01777777804268731
0.019565217682848805
0.021276596061726834
0.02291666700815161
0.024489796283293744
0.02600000038743019
0.027450980801208346
0.028846154275995035
0.030188679695129395
0.03148148195059211
0.032727273214947096
0.03392857193414654
0.03508771982109338
0.03620689709124894
0.03559322086936337
0.03666666721304258
0.03770491859463394
0.03870967799617398
0.0396825402738556
0.040625000605359674
0.04153846215743285
0.0424242430564129
0.04328358273452787
0.04558823597343529
0.04637681228527124
0.045714286395481654
0.0450704232068129
0.04583333401630322
0.04657534315978011
0.04594594663059389
0.045333334008852644
0.044736842771894055
0.045324676004903655
0.0447435904150972
0.045443038656553136
0.04612500069197267
0.04679012415861642
0.04743902510168349
0.04807228987744774
0.048690476920455694
0.04929411838598111
0.048720930962888306
0.04816092026216545
0.0486363643695685
0.04808988836541604
0.048666667400134936
0.04813186885727631
0.048695652907633266
0.0492473125698105
0.0487234049892806
0.04926315863665782
0.04875000073419263
0.04824742340703601
0.048775510938496004
0.04929293003497702
0.048800000734627244
0.048800000734627244
0.048800000734627244
0.048800000734627244
0.048800000734627244
0.04980000074952841
0.04980000074952841
0.04980000074952841
0.04980000074952841
0.04980000074952841
0.04980000074952841
0.048800000734627244
0.048800000734627244
0.050800000764429566
0.05180000077933073
0.05180000077933073
0.05180000077933073
0.05180000077933073
0.05180000077933073
0.05180000077933073
0.05180000077933073
0.05380000080913305
0.05380000080913305
0.05370000081136823
0.05370000081136823
0.05370000081136823
0.05370000081136823
0.054700000826269385
0.054700000826269385
0.054700000826269385
0.05570000084117055
0.05570000084117055
0.05570000084117055
0.05660000085830688
0.057600000873208046
0.05750000087544322
0.05950000090524554
0.05950000090524554
0.05850000089034438
0.05850000089034438
0.05750000087544322
0.05750000087544322
0.056500000860542056
0.0555000008456409
0.0555000008456409
0.0555000008456409
0.054500000830739734
0.053500000815838576
0.05250000080093741
0.051500000786036254
0.05050000077113509
0.04950000075623393
0.04850000074133277
0.04750000072643161
0.046500000711530445
0.04550000069662929
0.04540000069886446
0.04530000070109964
0.04430000068619847
0.04430000068619847
0.043300000671297315
0.043300000671297315
0.04230000065639615
0.04130000064149499
0.04120000064373017
0.04120000064373017
0.040200000628829
0.040200000628829
0.03910000061616301
0.038100000601261855
0.03910000061616301
0.04010000063106418
0.03910000061616301
0.03900000061839819
0.039900000635534526
0.04090000065043568
0.04190000066533685
0.04200000066310167
0.04300000067800283
0.04200000066310167
0.04100000064820051
0.04090000065043568
0.04090000065043568
0.04090000065043568
0.04090000065043568
0.04080000065267086
0.04180000066757202
0.04280000068247318
0.04390000069513917
0.04490000071004033
0.04590000072494149
0.04690000073984266
0.04690000073984266
0.04690000073984266
0.047900000754743814
0.047900000754743814
0.04890000076964498
0.049900000784546136
0.04890000076964498
0.04890000076964498
0.0509000007994473
0.05190000081434846
0.05290000082924962
0.053800000846385955
0.05480000086128712
0.053800000846385955
0.053800000846385955
0.05480000086128712
0.05580000087618828
0.0578000009059906
0.058800000920891764
0.05980000093579292
0.060800000950694086
0.05980000093579292
0.05980000093579292
0.06180000096559524
0.06270000098273158
0.06370000099763275
0.0647000010125339
0.06570000102743506
0.06670000104233623
0.06570000102743506
0.06670000104233623
0.06680000104010105
0.06780000105500221
0.06880000106990337
0.06980000108480454
0.07080000109970569
0.07180000111460685
0.07370000114664435
0.07270000113174319
0.07370000114664435
0.07470000116154552
0.07480000115931035
0.0758000011742115
0.07590000117197633
0.07490000115707517
0.0758000011742115
0.0758000011742115
0.0758000011742115
0.07680000118911266
0.07780000120401383
0.07880000121891499
0.07980000123381614
0.0808000012487173
0.08180000126361847
0.08280000127851964
0.08380000129342079
0.08570000132545828
0.08670000134035945
0.08670000134035945
0.08770000135526061
0.08770000135526061
0.08870000137016178
0.08960000138729811
0.09060000140219927
0.09070000139996409
0.09070000139996409
0.09170000141486526
0.09270000142976642
0.09370000144466757
0.09370000144466757
0.09470000145956874
0.0957000014744699
0.09480000145733357
0.0938000014424324
0.09480000145733357
0.09680000148713588
0.09690000148490072
0.09690000148490072
0.09790000149980188
0.09780000150203705
0.09880000151693821
0.09890000151470303
0.09900000151246786
0.09900000151246786
0.09900000151246786
0.10000000152736903
0.0999000015296042
0.0999000015296042
0.0999000015296042
0.10100000154227018
0.10100000154227018
0.10100000154227018
0.10000000152736903
0.10110000154003501
0.10110000154003501
0.10110000154003501
0.10010000152513385
0.10010000152513385
0.10010000152513385
0.10110000154003501
0.10210000155493618
0.10210000155493618
0.10210000155493618
0.10210000155493618
0.10210000155493618
0.10210000155493618
0.10310000156983733
0.10210000155493618
0.10100000154227018
0.10090000154450536
0.10290000157430768
0.10290000157430768
0.10190000155940653
0.10290000157430768
0.10290000157430768
0.10290000157430768
0.10280000157654286
0.10180000156164169
0.10180000156164169
0.10170000156387687
0.10160000156611204
0.10150000156834721
0.10140000157058239
0.10040000155568123
0.10050000155344606
0.10040000155568123
0.10040000155568123
0.10040000155568123
0.10030000155791641
0.10020000156015157
0.10020000156015157
0.10010000156238676
0.10010000156238676
0.10000000156462192
0.0999000015668571
0.09880000155419111
0.09870000155642629
0.09780000153928996
0.09970000157132745
0.09960000157356262
0.10060000158846379
0.10060000158846379
0.0995000015757978
0.0995000015757978
0.09940000157803297
0.0995000015757978
0.10050000159069895
0.10150000160560012
0.10150000160560012
0.10150000160560012
0.10240000162273645
0.10240000162273645
0.10240000162273645
0.10240000162273645
0.10230000162497163
0.10320000164210796
0.10230000162497163
0.10230000162497163
0.1033000016398728
0.1033000016398728
0.10520000167191029
0.10620000168681144
0.10630000168457628
0.10620000168681144
0.10620000168681144
0.10630000168457628
0.10620000168681144
0.10620000168681144
0.10610000168904662
0.10610000168904662
0.10610000168904662
0.10700000170618296
0.10790000172331929
0.10880000174045562
0.10880000174045562
0.1068000017106533
0.1068000017106533
0.10770000172778964
0.10660000171512365
0.10670000171288847
0.10660000171512365
0.10660000171512365
0.10660000171512365
0.10660000171512365
0.10660000171512365
0.10550000170245767
0.10560000170022249
0.10660000171512365
0.10760000173002482
0.10660000171512365
0.10660000171512365
0.10660000171512365
0.10760000173002482
0.10650000171735882
0.10650000171735882
0.10650000171735882
0.10740000173449517
0.10740000173449517
0.106400001719594
0.10530000170692802
0.10430000169202686
0.10430000169202686
0.10530000170692802
0.10530000170692802
0.10530000170692802
0.10530000170692802
0.10630000172182917
0.10730000173673034
0.10740000173449517
0.10850000174716115
0.10650000171735882
0.10660000171512365
0.10750000173225999
0.10750000173225999
0.10750000173225999
0.10740000173449517
0.10750000173225999
0.10850000174716115
0.10940000176429748
0.10950000176206232
0.10960000175982713
0.10970000175759197
0.10980000175535679
0.10970000175759197
0.10970000175759197
0.10980000175535679
0.10980000175535679
0.10980000175535679
0.10990000175312162
0.11090000176802278
0.11080000177025795
0.11190000178292393
0.1129000017978251
0.11400000181049108
0.11410000180825591
0.11410000180825591
0.11420000180602073
0.11420000180602073
0.1133000017888844
0.11340000178664923
0.11240000177174807
0.11240000177174807
0.11240000177174807
0.11240000177174807
0.11240000177174807
0.11240000177174807
0.11240000177174807
0.11230000177398324
0.1133000017888844
0.1133000017888844
0.11240000177174807
0.11630000183358788
0.11720000185072423
0.11720000185072423
0.11820000186562538
0.11730000184848904
0.11830000186339021
0.11930000187829137
0.1202000018954277
0.1202000018954277
0.11930000187829137
0.11830000186339021
0.12030000189319252
0.12140000190585852
0.12140000190585852
0.12140000190585852
0.12150000190362334
0.12140000190585852
0.12140000190585852
0.12140000190585852
0.12140000190585852
0.12050000188872217
0.12060000188648701
0.12170000189915299
0.12170000189915299
0.12170000189915299
0.12270000191405415
0.12270000191405415
0.12380000192672014
0.12580000195652247
0.1259000019542873
0.12580000195652247
0.12580000195652247
0.12580000195652247
0.12680000197142363
0.1279000019840896
0.1279000019840896
0.1279000019840896
0.1279000019840896
0.1279000019840896
0.1279000019840896
0.12890000199899077
0.12890000199899077
0.1290000019967556
0.13100000202655793
0.13100000202655793
0.1301000020094216
0.13310000205412506
0.1351000020839274
0.13820000212639572
0.13810000212863088
0.13900000214576722
0.13800000213086605
0.14000000216066838
0.14100000217556954
0.14100000217556954
0.1420000021904707
0.14290000220760704
0.1439000022225082
0.14290000220760704
0.14290000220760704
0.14290000220760704
0.1439000022225082
0.1439000022225082
0.14480000223964454
0.14490000223740934
0.14490000223740934
0.14380000222474337
0.14290000220760704
0.14290000220760704
0.14290000220760704
0.1439000022225082
0.1439000022225082
0.14790000228211284
0.14790000228211284
0.148900002297014
0.148900002297014
0.148900002297014
0.14990000231191516
0.14900000229477883
0.1501000023074448
0.15000000230968
0.14900000229477883
0.14800000227987767
0.14800000227987767
0.1481000022776425
0.15110000232234597
0.15100000232458113
0.1520000023394823
0.1520000023394823
0.1520000023394823
0.1520000023394823
0.15210000233724713
0.176100002694875
0.177200002707541
0.17820000272244216
0.17920000273734332
0.18630000283941628
0.18530000282451511
0.18530000282451511
0.18520000282675028
0.18130000276491046
0.19040000289678574
0.1903000028990209
0.18940000288188458
0.18940000288188458
0.18830000286921858
0.18730000285431742
0.18630000283941628
0.18620000284165145
0.18620000284165145
0.18620000284165145
0.18420000281184912
0.18320000279694795
0.18320000279694795
0.1872000028565526
0.1892000028863549
0.1933000029437244
0.19540000297129154
0.19540000297129154
0.19740000300109387
0.19740000300109387
0.19840000301599503
0.19740000300109387
0.19730000300332903
0.19730000300332903
0.19730000300332903
0.19740000300109387
0.1964000029861927
0.19440000295639037
0.19540000297129154
0.19550000296905637
0.19550000296905637
0.19540000297129154
0.19540000297129154
0.19440000295639037
0.19440000295639037
0.19440000295639037
0.19430000295862557
0.19430000295862557
0.19430000295862557
0.1933000029437244
0.19430000295862557
0.19420000296086073
0.19310000294819474
0.1941000029630959
0.1941000029630959
0.19310000294819474
0.1930000029504299
0.1899000029079616
0.1910000029206276
0.19010000290349127
0.1891000028885901
0.18700000286102295
0.18600000284612178
0.18700000286102295
0.18500000283122062
0.18510000282898545
0.1861000028438866
0.18710000285878778
0.18810000287368894
0.1911000029183924
0.19020000290125608
0.19020000290125608
0.18930000288411974
0.1903000028990209
0.1903000028990209
0.19740000300109387
0.19740000300109387
0.20040000304579736
0.20040000304579736
0.1994000030308962
0.20040000304579736
0.19650000298395753
0.1994000030308962
0.1994000030308962
0.1994000030308962
0.1994000030308962
0.1983000030182302
0.19930000303313136
0.19930000303313136
0.19840000301599503
0.1983000030182302
0.19930000303313136
0.2013000030629337
0.2013000030629337
0.19820000302046537
0.20430000310763716
0.20430000310763716
0.20420000310987235
0.2052000031247735
0.20620000313967465
0.20610000314190985
0.18210000278428196
0.181000002771616
0.18000000275671482
0.18000000275671482
0.17390000266954303
0.17390000266954303
0.17390000266954303
0.1749000026844442
0.1749000026844442
0.1658000025525689
0.16590000255033374
0.1669000025652349
0.1669000025652349
0.16700000256299974
0.16700000256299974
0.16710000256076454
0.16820000257343054
0.16820000257343054
0.16820000257343054
0.17020000260323287
0.17010000260546804
0.1700000026077032
0.16700000256299974
0.16700000256299974
0.16400000251829625
0.16200000248849392
0.1650000025331974
0.16290000250563025
0.16380000252276658
0.16280000250786542
0.1627000025101006
0.16280000250786542
0.16280000250786542
0.16280000250786542
0.16280000250786542
0.16280000250786542
0.16380000252276658
0.16280000250786542
0.16280000250786542
0.16280000250786542
0.16290000250563025
0.16190000249072908
0.16290000250563025
0.16290000250563025
0.1639000025205314
0.16400000251829625
0.16400000251829625
0.16490000253543258
0.16490000253543258
0.1639000025205314
0.16400000251829625
0.16410000251606108
0.16410000251606108
0.16410000251606108
0.1631000025011599
0.16220000248402358
0.16230000248178839
0.16130000246688725
0.16130000246688725
0.16230000248178839
0.16240000247955322
0.1654000025242567
0.16440000250935555
0.16440000250935555
0.16340000249445438
0.16140000246465205
0.16340000249445438
0.16240000247955322
0.15940000243484975
0.16340000249445438
0.16430000251159071
0.16430000251159071
0.16330000249668955
0.16430000251159071
0.15930000243708492
0.15930000243708492
0.15630000239238143
0.15720000240951776
0.1581000024266541
0.15710000241175293
0.15800000242888929
0.15510000238195062
0.1561000023968518
0.15700000241398812
0.15700000241398812
0.15710000241175293
0.1561000023968518
0.15600000239908696
0.15600000239908696
0.1561000023968518
0.15510000238195062
0.15410000236704946
0.1561000023968518
0.1562000023946166
0.15020000230520963
0.15320000234991313
0.15630000239238143
0.15530000237748026
0.1543000023625791
0.15440000236034393
0.1543000023625791
0.15440000236034393
0.15440000236034393
0.1543000023625791
0.15340000234544277
0.1554000023752451
0.1584000024199486
0.15750000240281226
0.15750000240281226
0.1566000023856759
0.1566000023856759
0.1566000023856759
0.15760000240057706
0.15760000240057706
0.1596000024303794
0.1596000024303794
0.15950000243261456
0.15950000243261456
0.15950000243261456
0.1615000024624169
0.16560000251978635
0.17470000265166163
0.17370000263676047
0.17470000265166163
0.1757000026665628
0.1757000026665628
0.1727000026218593
0.1738000026345253
0.1749000026471913
0.17480000264942647
0.17790000269189477
0.17890000270679593
0.1799000027216971
0.17890000270679593
0.1788000027090311
0.17970000272616743
0.17970000272616743
0.18170000275596976
0.18170000275596976
0.18170000275596976
0.18170000275596976
0.18170000275596976
0.1807000027410686
0.18470000280067325
0.18470000280067325
0.18470000280067325
0.18460000280290842
0.18360000278800725
0.18350000279024242
0.18350000279024242
0.1845000028051436
0.18350000279024242
0.18340000279247762
0.18440000280737878
0.18430000280961395
0.18320000279694795
0.18320000279694795
0.18320000279694795
0.18410000281408428
0.18310000279918312
0.18510000282898545
0.18310000279918312
0.18300000280141832
0.18290000280365348
0.18390000281855465
0.18380000282078982
0.18080000277608632
0.18080000277608632
0.18080000277608632
0.17670000271871686
0.1757000027038157
0.1757000027038157
0.1757000027038157
0.17470000268891453
0.17360000267624856
0.17360000267624856
0.17460000269114972
0.17370000267401337
0.17370000267401337
0.17370000267401337
0.17880000274628402
0.17880000274628402
0.1768000027164817
0.17590000269934536
0.17790000272914766
0.17790000272914766
0.18090000277385115
0.18000000275671482
0.1880000028759241
0.1880000028759241
0.1880000028759241
0.1880000028759241
0.18590000284835695
0.18590000284835695
0.1869000028632581
0.18280000280588865
0.17970000276342035
0.1787000027485192
0.18170000279322265
0.18160000279545785
0.18470000283792615
0.18470000283792615
0.18470000283792615
0.18480000283569098
0.18470000283792615
0.18270000280812382
0.17970000276342035
0.17960000278428198
0.17960000278428198
0.18260000282898545
0.18260000282898545
0.18160000281408428
0.18060000279918312
0.18060000279918312
0.17850000277161598
0.18350000284612178
0.18260000282898545
0.18260000282898545
0.18260000282898545
0.17860000276938082
0.17460000270977616
0.16660000259056687
0.1656000025756657
0.17060000265017153
0.16850000262260437
0.18450000286102294
0.18450000286102294
0.18450000286102294
0.18250000283122061
0.1946000030077994
0.1916000029630959
0.19060000294819474
0.19060000294819474
0.19060000294819474
0.1916000029630959
0.19070000294595957
0.19070000294595957
0.18870000291615724
0.18870000291615724
0.1886000029183924
0.18950000293552877
0.1904000029526651
0.1904000029526651
0.1874000029079616
0.18840000292286277
0.18840000292286277
0.1885000029206276
0.18960000293329357
0.18960000293329357
0.19060000294819474
0.19060000294819474
0.19060000294819474
0.18870000291615724
0.18760000290349127
0.1867000028863549
0.18880000291392207
0.19280000297352673
0.19380000298842787
0.19290000297129153
0.1939000029861927
0.19290000297129153
0.1939000029861927
0.19400000298395753
0.19400000298395753
0.19400000298395753
0.19410000298172236
0.19410000298172236
0.19400000298395753
0.19400000298395753
0.19510000299662353
0.19720000302419066
0.19820000303909183
0.19820000303909183
0.19820000303909183
0.19830000303685666
0.19930000305175782
0.19830000303685666
0.19930000305175782
0.2234000034071505
0.2234000034071505
0.21940000334754586
0.22230000339448452
0.2233000034093857
0.2233000034093857
0.2233000034093857
0.24430000372231006
0.2413000036776066
0.2413000036776066
0.2353000035881996
0.2353000035881996
0.23630000360310077
0.2353000035881996
0.23540000358596444
0.2353000035881996
0.23430000357329844
0.23440000357106328
0.23550000358372927
0.23650000359863044
0.2425000036880374
0.24350000370293856
0.24050000365823507
0.2395000036433339
0.2395000036433339
0.2395000036433339
0.23860000362619757
0.23960000364109874
0.2406000036559999
0.24060000363737344
0.24060000363737344
0.23760000359266997
0.23760000359266997
0.24360000368207693
0.2446000036969781
0.2446000036969781
0.24470000369474293
0.24060000363737344
0.24060000363737344
0.24060000363737344
0.24260000366717577
0.2435000036843121
0.24450000369921326
0.2435000036843121
0.24750000374391676
0.23950000362470747
0.23960000362247227
0.23060000348836185
0.23050000349059702
0.23150000350549818
0.23150000350549818
0.21950000332668423
0.21950000332668423
0.2285000034607947
0.22750000344589352
0.22750000344589352
0.2266000034287572
0.2266000034287572
0.22560000341385603
0.22560000341385603
0.22560000341385603
0.22570000341162086
0.2258000034093857
0.22490000339224936
0.2259000034071505
0.22490000339224936
0.22290000336244703
0.22290000336244703
0.2239000033773482
0.22380000337958336
0.22490000339224936
0.22490000339224936
0.22480000339448453
0.22570000341162086
0.2277000034414232
0.227800003439188
0.227800003439188
0.22880000345408916
0.22480000339448453
0.22480000339448453
0.22480000339448453
0.22480000339448453
0.22980000346899032
0.22680000342428686
0.227800003439188
0.22880000345408916
0.22880000345408916
0.23080000348389149
0.23080000348389149
0.23090000348165632
0.23080000348389149
0.23480000354349614
0.23370000353083015
0.23370000353083015
0.23370000353083015
0.23370000353083015
0.23360000353306531
0.23360000353306531
0.23360000353306531
0.23250000352039935
0.2155000032670796
0.21850000331178307
0.21650000328198074
0.21760000329464674
0.21650000328198074
0.21650000328198074
0.2144000032544136
0.1934000029414892
0.1934000029414892
0.19430000295862557
0.1933000029437244
0.1933000029437244
0.1933000029437244
0.19430000295862557
0.19430000295862557
0.19440000295639037
0.19540000297129154
0.1964000029861927
0.19540000297129154
0.1994000030308962
0.19040000289678574
0.1975000029988587
0.19850000301375986
0.199500003028661
0.20150000305846333
0.2014000030606985
0.20240000307559966
0.20240000307559966
0.2174000032991171
0.2175000032968819
0.23050000349059702
0.23050000349059702
0.23640000358223914
0.23040000349283218
0.23030000349506735
0.23130000350996852
0.23230000352486968
0.2324000035226345
0.23640000358223914
0.23730000359937548
0.23530000356957317
0.23440000355243684
0.23440000355243684
0.23540000356733798
0.23440000355243684
0.23440000355243684
0.23540000356733798
0.22940000347793102
0.24450000369921326
0.24250000366941094
0.2435000036843121
0.2535000038333237
0.2535000038333237
0.24450000369921326
0.2595000039227307
0.2595000039227307
0.2595000039227307
0.26150000395253303
0.27250000411644576
0.27250000411644576
0.27250000411644576
0.2734000041335821
0.2734000041335821
0.2734000041335821
0.2724000041186809
0.2734000041335821
0.27440000414848326
0.2734000041335821
0.2714000041037798
0.27050000408664343
0.27050000408664343
0.29150000439956786
0.2986000045016408
0.2986000045016408
0.2986000045016408
0.2986000045016408
0.2986000045016408
0.29650000447407365
0.2975000044889748
0.29650000447407365
0.30150000454857945
0.31350000472739337
0.30750000463798643
0.30850000465288757
0.30750000463798643
0.3066000046208501
0.3055000046081841
0.3035000045783818
0.3035000045783818
0.3045000045932829
0.30460000459104775
0.29960000451654195
0.2997000045143068
0.2997000045143068
0.3007000045292079
0.3017000045441091
0.30080000452697275
0.2998000045120716
0.30080000452697275
0.3009000045247376
0.2929000044055283
0.2979000044800341
0.2979000044800341
0.29390000442042946
0.29500000443309543
0.29500000443309543
0.29510000443086026
0.3081000046245754
0.3081000046245754
0.3062000045925379
0.307200004607439
0.307200004607439
0.3062000045925379
0.3082000046223402
0.3082000046223402
0.307200004607439
0.3082000046223402
0.307200004607439
0.307200004607439
0.30420000456273555
0.30420000456273555
0.31020000465214254
0.3112000046670437
0.31720000475645066
0.31520000472664833
0.31830000476911663
0.31830000476911663
0.3163000047393143
0.3003000045008957
0.3013000045157969
0.28730000430718067
0.28730000430718067
0.2814000042155385
0.2804000042006373
0.28050000419840215
0.2825000042282045
0.28150000421330335
0.28050000419840215
0.2765000041387975
0.2756000041216612
0.27460000410676
0.2745000041089952
0.2765000041387975
0.27550000412389636
0.2725000040791929
0.27350000409409403
0.27350000409409403
0.27350000409409403
0.2595000038854778
0.2595000038854778
0.25850000387057664
0.24750000370666383
0.24750000370666383
0.248500003721565
0.2335000034980476
0.23250000348314642
0.23250000348314642
0.2305000034533441
0.21950000328943134
0.22150000331923367
0.2205000033043325
0.21960000328719617
0.218600003272295
0.21960000328719617
0.21960000328719617
0.2206000033020973
0.2236000033468008
0.22460000336170197
0.2266000033915043
0.22560000337660313
0.2236000033468008
0.20160000301897527
0.19360000289976598
0.19170000286772848
0.18970000283792615
0.188700002823025
0.18970000283792615
0.18880000282078982
0.18780000280588866
0.18880000282078982
0.183800002746284
0.17180000256747008
0.17180000256747008
0.17180000256747008
0.17180000256747008
0.17280000258237124
0.17290000258013605
0.17490000260993838
0.17490000260993838
0.1739000025950372
0.17590000262483954
0.17590000262483954
0.17680000264197587
0.17680000264197587
0.1758000026270747
0.1758000026270747
0.1758000026270747
0.1758000026270747
0.17480000261217354
0.1757000026293099
0.17670000264421104
0.16870000252500175
0.16970000253990292
0.17170000256970525
0.17170000256970525
0.1807000027038157
0.1807000027038157
0.16770000251010062
0.16770000251010062
0.16870000252500175
0.16970000253990292
0.16970000253990292
0.17070000255480408
0.16970000253990292
0.16970000253990292
0.17070000255480408
0.1696000025421381
0.1696000025421381
0.16860000252723695
0.16760000251233578
0.16860000252723695
0.15560000233352184
0.1536000023037195
0.14760000221431255
0.1486000022292137
0.14460000216960908
0.14460000216960908
0.14460000216960908
0.14460000216960908
0.14360000215470792
0.14660000219941138
0.14660000219941138
0.14660000219941138
0.14960000224411488
0.14960000224411488
0.14760000221431255
0.14760000221431255
0.14760000221431255
0.1486000022292137
0.1486000022292137
0.14960000224411488
0.15070000225678087
0.1497000022418797
0.14870000222697854
0.151700002271682
0.151700002271682
0.15070000225678087
0.1497000022418797
0.1497000022418797
0.1497000022418797
0.15070000225678087
0.151700002271682
0.15270000228658318
0.151700002271682
0.15260000228881837
0.15760000236332417
0.15860000237822533
0.15860000237822533
0.15860000237822533
0.156600002348423
0.15760000236332417
0.156600002348423
0.156600002348423
0.15560000233352184
0.15460000231862067
0.15260000228881837
0.1486000022292137
0.14960000224411488
0.1486000022292137
0.1516000022739172
0.15650000235065817
0.15650000235065817
0.1585000023804605
0.15950000239536166
0.15950000239536166
0.16250000244006516
0.16250000244006516
0.16250000244006516
0.161500002425164
0.16050000241026283
0.161500002425164
0.16350000245496632
0.16750000251457095
0.17050000255927444
0.17050000255927444
0.16950000254437328
0.16950000254437328
0.16850000252947211
0.16950000254437328
0.17250000258907675
0.17050000255927444
0.17050000255927444
0.16860000252723695
0.16760000251233578
0.1696000025421381
0.16950000254437328
0.16950000254437328
0.17050000255927444
0.18250000273808836
0.18360000275075436
0.1826000027358532
0.1826000027358532
0.18160000272095203
0.1796000026911497
0.17860000267624854
0.1696000025421381
0.1696000025421381
0.1696000025421381
0.1796000026911497
0.2006000030040741
0.19960000298917294
0.20260000303387643
0.20160000301897527
0.19960000298917294
0.19960000298917294
0.19960000298917294
0.1987000029720366
0.1987000029720366
0.19970000298693777
0.1987000029720366
0.19670000294223428
0.1957000029273331
0.2006000030040741
0.2006000030040741
0.20050000300630927
0.20150000302121043
0.20240000303834677
0.2044000030681491
0.2044000030681491
0.2044000030681491
0.20340000305324793
0.2044000030681491
0.20540000308305026
0.20340000305324793
0.20240000303834677
0.2014000030234456
0.2014000030234456
0.2014000030234456
0.20040000300854444
0.20040000300854444
0.20130000302568077
0.20530000308528543
0.2033000030554831
0.20530000308528543
0.2033000030554831
0.20730000311508776
0.20730000311508776
0.20730000311508776
0.22230000333860517
0.22230000333860517
0.22330000335350633
0.22330000335350633
0.23330000350251795
0.23330000350251795
0.2324000034853816
0.22840000342577696
0.22840000342577696
0.2274000034108758
0.23140000347048045
0.2324000034853816
0.2324000034853816
0.23340000350028275
0.23440000351518392
0.23440000351518392
0.2374000035598874
0.23640000354498625
0.2374000035598874
0.23540000353008508
0.23540000353008508
0.23340000350028275
0.22950000343844296
0.22950000343844296
0.22750000340864063
0.22750000340864063
0.22950000343844296
0.22650000339373946
0.2255000033788383
0.2255000033788383
0.22650000339373946
0.22750000340864063
0.2255000033788383
0.22350000334903597
0.21950000328943134
0.21650000324472785
0.21650000324472785
0.21650000324472785
0.21650000324472785
0.217500003259629
0.217500003259629
0.21850000327453017
0.21950000328943134
0.2205000033043325
0.22040000330656767
0.221300003323704
0.21930000329390167
0.21840000327676534
0.2274000034108758
0.2274000034108758
0.21540000323206188
0.21340000320225955
0.21340000320225955
0.21530000323429704
0.21620000325143338
0.21620000325143338
0.21620000325143338
0.23020000346004962
0.24410000367090107
0.24410000367090107
0.23410000352188945
0.21810000328347087
0.21610000325366854
0.21410000322386621
0.21410000322386621
0.21510000323876738
0.21610000325366854
0.2171000032685697
0.22710000341758133
0.22710000341758133
0.2281000034324825
0.24710000371560453
0.25000000378116966
0.2549000038579106
0.25000000378116966
0.25600000387057664
0.2561000038683414
0.26510000400245187
0.26510000400245187
0.26510000400245187
0.26510000400245187
0.26510000400245187
0.2741000041365623
0.2731000041216612
0.27110000409185886
0.27110000409185886
0.2720000041089952
0.27300000412389636
0.27300000412389636
0.27300000412389636
0.2720000041089952
0.271000004094094
0.2731000041216612
0.26910000406205653
0.2701000040769577
0.26910000406205653
0.2701000040769577
0.26610000401735306
0.26910000406205653
0.2731000041216612
0.25810000389814375
0.25810000389814375
0.2571000038832426
0.2571000038832426
0.2601000039279461
0.26110000394284727
0.2621000039577484
0.2631000039726496
0.2621000039577484
0.2631000039726496
0.2831000042706728
0.2831000042706728
0.2961000044643879
0.2961000044643879
0.29510000444948675
0.2981000044941902
0.2961000044643879
0.30200000455603004
0.3009000045433641
0.31090000469237566
0.31090000469237566
0.31390000473707913
0.32190000485628845
0.32190000485628845
0.32380000488832594
0.3248000049032271
0.3268000049330294
0.32880000496283174
0.32880000496283174
0.32880000496283174
0.3337000050395727
0.33260000502690673
0.33360000504180787
0.3345000050589442
0.3345000050589442
0.3385000051185489
0.3394000051356852
0.33930000513792036
0.33930000513792036
0.3363000050932169
0.33530000507831575
0.3303000050038099
0.32830000497400763
0.3263000049442053
0.32640000494197013
0.3265000049397349
0.3265000049397349
0.3275000049546361
0.31850000482052565
0.31750000480562446
0.31750000480562446
0.3195000048354268
0.3195000048354268
0.3176000048033893
0.316700004786253
0.3176000048033893
0.3176000048033893
0.30360000459477304
0.29170000441372396
0.29170000441372396
0.29170000441372396
0.28570000432431697
0.2877000043541193
0.28670000433921816
0.28670000433921816
0.28570000432431697
0.28470000430941583
0.28470000430941583
0.2747000041604042
0.2747000041604042
0.27370000414550305
0.2587000039219856
0.2568000038713217
0.2519000037945807
0.2519000037945807
0.24890000374987722
0.2519000037945807
0.24490000369027257
0.2480000037327409
0.24700000371783973
0.24700000371783973
0.2500000037625432
0.2420000036433339
0.2420000036433339
0.24400000367313623
0.25290000380948185
0.25290000380948185
0.25480000384151935
0.2578000038862228
0.258800003901124
0.25980000391602515
0.2618000039458275
0.258800003901124
0.2698000040650368
0.26970000406727196
0.26970000406727196
0.2696000040695071
0.26860000405460593
0.2695000040903687
0.2675000040605664
0.2685000040754676
0.27250000413507225
0.2755000041797757
0.27940000424161554
0.2654000040329993
0.26640000404790043
0.26640000404790043
0.2654000040329993
0.2654000040329993
0.2654000040329993
0.2414000036753714
0.2414000036753714
0.22940000349655748
0.22940000349655748
0.22940000349655748
0.226400003451854
0.226400003451854
0.22850000347942115
0.22860000347718595
0.2196000033430755
0.2196000033430755
0.21660000329837203
0.2096000031940639
0.21360000325366854
0.21170000322163104
0.2127000032365322
0.20970000319182872
0.21470000326633454
0.21470000326633454
0.217700003311038
0.2158000032790005
0.2169000032916665
0.21890000332146883
0.22000000333413483
0.22100000334903597
0.2180000033043325
0.21710000328719617
0.21820000329986214
0.21820000329986214
0.22020000332966447
0.22320000337436796
0.22420000338926913
0.22520000340417026
0.2272000034339726
0.23120000349357725
0.23020000347867609
0.23120000349357725
0.23120000349357725
0.23120000349357725
0.23820000359788537
0.2452000037021935
0.24320000367239117
0.25220000380650165
0.25220000380650165
0.25220000380650165
0.2513000037893653
0.2523000038042664
0.2523000038042664
0.25030000377446415
0.25030000377446415
0.25030000377446415
0.2513000037893653
0.24930000375956296
0.24930000375956296
0.24930000375956296
0.2483000037446618
0.2483000037446618
0.24720000373199583
0.24620000371709466
0.24620000371709466
0.24620000371709466
0.24320000367239117
0.24620000371709466
0.24620000371709466
0.247100003734231
0.24510000370442867
0.24110000364482403
0.23810000360012054
0.2341000035405159
0.2341000035405159
0.2341000035405159
0.23110000349581242
0.2291000034660101
0.2291000034660101
0.22900000346824526
0.22100000334903597
0.2211000033468008
0.21820000329986214
0.2142000032402575
0.21220000321045518
0.21120000319555401
0.20920000316575169
0.21020000318065285
0.19820000300183893
0.1973000029847026
0.19830000299960374
0.1974000029824674
0.1974000029824674
0.19350000290200114
0.19750000296160578
0.19550000293180347
0.19050000285729765
0.18650000279769302
0.1826000027358532
0.18160000272095203
0.1796000026911497
0.17860000267624854
0.1795000026933849
0.1795000026933849
0.1795000026933849
0.1795000026933849
0.17850000267848373
0.17750000266358257
0.17750000266358257
0.17750000266358257
0.1765000026486814
0.17550000263378024
0.16750000251457095
0.16750000251457095
0.16750000251457095
0.16750000251457095
0.16650000249966979
0.16550000248476862
0.161500002425164
0.16050000241026283
0.15750000236555933
0.15750000236555933
0.15150000227615237
0.15150000227615237
0.14850000223144888
0.14550000218674541
0.14450000217184425
0.14250000214204192
0.15150000227615237
0.15150000227615237
0.17550000263378024
0.17640000265091657
0.17640000265091657
0.19840000297874213
0.2094000031426549
0.2144000032171607
0.2144000032171607
0.2144000032171607
0.21340000320225955
0.21040000315755605
0.21130000317469239
0.21130000317469239
0.21530000323429704
0.21530000323429704
0.20830000312998892
0.20130000302568077
0.20730000311508776
0.1983000029809773
0.1983000029809773
0.1983000029809773
0.20230000304058193
0.20430000307038426
0.20430000307038426
0.20430000307038426
0.20530000308528543
0.20430000307038426
0.20430000307038426
0.20430000307038426
0.20430000307038426
0.20530000308528543
0.2063000031001866
0.20730000311508776
0.20740000311285256
0.20840000312775372
0.2094000031426549
0.2094000031426549
0.2094000031426549
0.20640000309795142
0.20640000309795142
0.20550000308081506
0.20450000306591393
0.20450000306591393
0.20450000306591393
0.20550000308081506
0.20850000312551856
0.21040000315755605
0.21130000317469239
0.21130000317469239
0.21230000318959355
0.21140000317245722
0.21950000328943134
0.21850000327453017
0.21950000328943134
0.2205000033043325
0.22450000336393713
0.2385000035725534
0.23950000358745455
0.23940000358968974
0.23940000358968974
0.23940000358968974
0.23840000357478858
0.23840000357478858
0.23840000357478858
0.23940000358968974
0.23530000353232025
0.24030000360682607
0.24130000362172724
0.2423000036366284
0.24330000365152954
0.2443000036664307
0.2543000038154423
0.25530000383034346
0.25440000381320715
0.25440000381320715
0.25440000381320715
0.26230000393465164
0.26230000393465164
0.2633000039495528
0.2633000039495528
0.26420000396668913
0.26520000398159027
0.2662000039964914
0.2681000040285289
0.26900000404566526
0.2700000040605664
0.2799000042118132
0.2879000043310225
0.28880000434815883
0.28980000436305997
0.29170000439509747
0.29270000440999866
0.29270000440999866
0.3007000045292079
0.3007000045292079
0.32570000490173695
0.32570000490173695
0.3297000049613416
0.3307000049762428
0.31970000481233
0.3227000048570335
0.29770000448450445
0.2978000044822693
0.29680000446736815
0.2748000041395426
0.26280000396072867
0.2698000040650368
0.2698000040650368
0.27080000407993793
0.27080000407993793
0.2698000040650368
0.2699000040628016
0.26890000404790043
0.26780000403523446
0.2688000040501356
0.2688000040501356
0.2688000040501356
0.26280000396072867
0.26280000396072867
0.26280000396072867
0.2638000039756298
0.26080000393092634
0.2578000038862228
0.26270000396296384
0.2746000041440129
0.2745000041462481
0.2765000041760504
0.2774000041931868
0.2774000041931868
0.2783000042103231
0.2793000042252243
0.2793000042252243
0.2803000042401254
0.2813000042550266
0.29030000438913706
0.28930000437423586
0.28930000437423586
0.29430000444874166
0.296300004478544
0.296300004478544
0.2973000044934452
0.3013000045530498
0.3013000045530498
0.3013000045530498
0.30030000453814865
0.29930000452324745
0.29840000450611115
0.2975000044889748
0.30150000454857945
0.3005000045336783
0.30150000454857945
0.29550000445917246
0.29550000445917246
0.2945000044442713
0.2945000044442713
0.29150000439956786
0.27850000420585275
0.27850000420585275
0.2776000041887164
0.2776000041887164
0.2806000042334199
0.2806000042334199
0.2806000042334199
0.2806000042334199
0.2796000042185187
0.2777000041864812
0.2737000041268766
0.2737000041268766
0.2727000041119754
0.2727000041119754
0.2737000041268766
0.26470000399276616
0.26470000399276616
0.26470000399276616
0.26470000399276616
0.26670000402256844
0.25980000391602515
0.26080000393092634
0.26080000393092634
0.26280000396072867
0.2619000039435923
0.26090000392869117
0.26090000392869117
0.2600000039115548
0.25910000389441845
0.2581000038795173
0.25220000378787516
0.24520000368356704
0.2443000036664307
0.24330000365152954
0.24340000364929437
0.24440000366419554
0.24640000369399787
0.23940000358968974
0.23940000358968974
0.21540000323206188
0.216400003246963
0.21240000318735838
0.21240000318735838
0.21240000318735838
0.2094000031426549
0.2094000031426549
0.21040000315755605
0.21140000317245722
0.22630000341683626
0.22930000346153975
0.2203000033274293
0.2203000033274293
0.22430000338703393
0.22930000346153975
0.22920000346377492
0.22820000344887376
0.22920000346377492
0.2253000034019351
0.22430000338703393
0.22630000341683626
0.22730000343173742
0.2283000034466386
0.22930000346153975
0.22930000346153975
0.22930000346153975
0.22930000346153975
0.2403000036254525
0.2364000035636127
0.2245000033825636
0.22860000343993306
0.2306000034697354
0.2306000034697354
0.23360000351443888
0.23370000351220369
0.23570000354200601
0.23770000357180834
0.23670000355690718
0.23570000354200601
0.22670000340789556
0.22670000340789556
0.2287000034376979
0.2287000034376979
0.22770000342279673
0.22670000340789556
0.2257000033929944
0.22170000333338977
0.22170000333338977
0.22270000334829093
0.22270000334829093
0.2207000033184886
0.21970000330358744
0.21970000330358744
0.21670000325888394
0.21970000330358744
0.22370000336319207
0.22170000333338977
0.22170000333338977
0.22360000336542726
0.22360000336542726
0.22960000345483422
0.23460000352934002
0.23860000358894468
0.2536000038124621
0.2536000038124621
0.2696000040508807
0.2696000040508807
0.2696000040508807
0.2806000042147934
0.2816000042296946
0.28260000424459575
0.28260000424459575
0.28360000425949694
0.28360000425949694
0.28560000428929927
0.2986000044830143
0.2986000044830143
0.2976000044681132
0.2986000044830143
0.2986000044830143
0.30160000452771785
0.3096000046469271
0.30860000463202597
0.3076000046171248
0.30560000458732245
0.3115000046789646
0.3125000046938658
0.3235000048577785
0.3345000050216913
0.3355000050365925
0.3464000052213669
0.34440000519156455
0.34440000519156455
0.347400005236268
0.347400005236268
0.34940000526607035
0.3704000055789948
0.36840000554919244
0.36840000554919244
0.36840000554919244
0.39140000589191914
0.3944000059366226
0.3993000060133636
0.3992000060155988
0.3992000060155988
0.3982000060006976
0.3982000060006976
0.3962000059708953
0.40520000610500573
0.3903000058606267
0.3873000058159232
0.38130000572651623
0.38130000572651623
0.37630000565201044
0.37130000557750464
0.3714000055752695
0.3714000055752695
0.3704000055603683
0.3704000055603683
0.3704000055603683
0.38740000581368805
0.38640000579878686
0.38630000580102203
0.38830000583082436
0.3892000058479607
0.3882000058330595
0.3872000058181584
0.3762000056542456
0.37520000563934447
0.37520000563934447
0.3712000055797398
0.3812000057287514
0.3853000057861209
0.3823000057414174
0.3963000059500337
0.392300005890429
0.3903000058606267
0.4143000062182546
0.4153000062331557
0.42420000636950134
0.434200006518513
0.43310000650584696
0.42910000644624235
0.42910000644624235
0.4351000065356493
0.4501000067591667
0.45400000682100655
0.45900000689551235
0.45800000688061115
0.45800000688061115
0.4600000069104135
0.4610000069253147
0.4610000069253147
0.4600000069104135
0.463000006955117
0.47000000705942513
0.46900000704452394
0.47100000707432627
0.47010000705718996
0.47010000705718996
0.464100006967783
0.4601000069081783
0.45710000686347485
0.4431000066548586
0.44410000666975974
0.426000006403774
0.426000006403774
0.4270000064186752
0.41700000626966355
0.4160000062547624
0.4150000062398613
0.4270000064186752
0.426000006403774
0.4270000064186752
0.43100000647827985
0.41690000627189877
0.4159000062569976
0.4229000063613057
0.4229000063613057
0.4259000064060092
0.42880000645294786
0.42080000633373854
0.42080000633373854
0.42080000633373854
0.42070000633597376
0.42470000639557837
0.42470000639557837
0.4137000062316656
0.4137000062316656
0.4156000062637031
0.4047000060789287
0.40360000606626273
0.40450000608339903
0.40150000603869557
0.40150000603869557
0.3985000059939921
0.3774000056833029
0.38030000573024153
0.3993000060133636
0.3993000060133636
0.3763000056706369
0.3733000056259334
0.3694000055640936
0.3685000055469573
0.36840000554919244
0.36840000554919244
0.36840000554919244
0.36840000554919244
0.35930000541731716
0.3603000054322183
0.36430000549182295
0.36430000549182295
0.36530000550672415
0.36530000550672415
0.3683000055514276
0.37230000561103227
0.37230000561103227
0.37230000561103227
0.37230000561103227
0.37230000561103227
0.35330000532791017
0.35330000532791017
0.35240000531077387
0.3493000052683055
0.359400005415082
0.359400005415082
0.359400005415082
0.3613000054471195
0.3613000054471195
0.3623000054620206
0.3623000054620206
0.3503000052832067
0.35730000538751483
0.35830000540241597
0.3433000051788986
0.3433000051788986
0.3442000051960349
0.3242000048980117
0.33120000500231983
0.32330000488087535
0.31330000473186376
0.3204000048339367
0.3204000048339367
0.322400004863739
0.3174000047892332
0.30340000458061694
0.2995000045187771
0.2945000044442713
0.29740000449120996
0.2983000045083463
0.296300004478544
0.2983000045083463
0.2983000045083463
0.31230000471696256
0.3153000047616661
0.3043000045977533
0.30420000459998847
0.30220000457018614
0.30120000455528495
0.30610000463202597
0.30610000463202597
0.3051000046171248
0.3081000046618283
0.3071000046469271
0.30610000463202597
0.3052000046148896
0.3052000046148896
0.30420000459998847
0.3032000045850873
0.3032000045850873
0.3182000048086047
0.3052000046148896
0.3052000046148896
0.3062000046297908
0.2992000045254827
0.30530000461265444
0.3112000047042966
0.30420000459998847
0.3112000047042966
0.3132000047340989
0.30730000464245677
0.30730000464245677
0.30730000464245677
0.30730000464245677
0.3134000047296286
0.3035000045783818
0.3035000045783818
0.3035000045783818
0.292500004414469
0.28960000436753036
0.2976000044867396
0.2967000044696033
0.29580000445246696
0.2988000044971704
0.2988000044971704
0.2998000045120716
0.29890000449493526
0.2960000044479966
0.2760000041499734
0.2760000041499734
0.27500000413507225
0.27500000413507225
0.2739000041224062
0.2739000041224062
0.27400000412017106
0.2749000041373074
0.2749000041373074
0.2749000041373074
0.27900000419467685
0.27900000419467685
0.27500000413507225
0.27500000413507225
0.2840000042691827
0.2880000043287873
0.29000000435858964
0.286000004298985
0.2859000043012202
0.2899000043608248
0.28980000436305997
0.28980000436305997
0.28980000436305997
0.29080000437796116
0.29070000438019633
0.29080000437796116
0.2868000043183565
0.2978000044822693
0.3038000045716763
0.3059000045992434
0.31690000476315616
0.3189000047929585
0.3189000047929585
0.3249000048823655
0.31490000473335383
0.315900004748255
0.31690000476315616
0.31790000477805735
0.31790000477805735
0.3129000047035515
0.30490000458434224
0.3059000045992434
0.3059000045992434
0.2978000044822693
0.29680000446736815
0.29580000445246696
0.29580000445246696
0.29580000445246696
0.29580000445246696
0.2978000044822693
0.29490000443533065
0.29500000443309543
0.29500000443309543
0.29390000442042946
0.29390000442042946
0.28090000422671435
0.2719000040926039
0.2719000040926039
0.2730000041052699
0.2730000041052699
0.27400000412017106
0.27010000405833123
0.27010000405833123
0.27010000405833123
0.26610000399872663
0.2660000040009618
0.2660000040009618
0.2669000040180981
0.2669000040180981
0.2669000040180981
0.26680000402033327
0.26680000402033327
0.2518000037968159
0.252800003811717
0.2538000038266182
0.252800003811717
0.252800003811717
0.2488000037521124
0.2439000036753714
0.2439000036753714
0.24090000363066794
0.2359000035561621
0.23690000357106328
0.2359000035561621
0.2359000035561621
0.2359000035561621
0.22990000346675515
0.22990000346675515
0.23190000349655748
0.23390000352635978
0.2359000035561621
0.23690000357106328
0.228900003451854
0.228900003451854
0.228900003451854
0.2259000034071505
0.2259000034071505
0.22490000339224936
0.22480000339448453
0.2247000033967197
0.2277000034414232
0.2297000034712255
0.2427000036649406
0.24170000365003944
0.2568000038713217
0.2568000038713217
0.2758000041544437
0.27590000415220856
0.2779000041820109
0.28090000422671435
0.2768000041693449
0.2768000041693449
0.2768000041693449
0.28070000423118474
0.2737000041268766
0.2707000040821731
0.27470000414177775
0.2756000041589141
0.2767000041715801
0.2787000042013824
0.27880000419914724
0.2808000042289496
0.2808000042289496
0.2798000042140484
0.2799000042118132
0.2798000042140484
0.27280000410974026
0.2618000039458275
0.25580000385642054
0.2518000037968159
0.24170000365003944
0.24070000363513827
0.2397000036202371
0.23270000351592898
0.23070000348612665
0.23370000353083015
0.2347000035457313
0.23460000354796648
0.2347000035457313
0.23870000360533594
0.24560000371187926
0.24360000368207693
0.2516000038012862
0.2557000038586557
0.25670000387355685
0.26670000402256844
0.26660000402480366
0.2676000040397048
0.26860000405460593
0.2676000040397048
0.26860000405460593
0.2786000042036176
0.2796000042185187
0.2777000041864812
0.2777000041864812
0.27970000421628355
0.28070000423118474
0.27970000421628355
0.2787000042013824
0.2796000042185187
0.2796000042185187
0.2786000042036176
0.2796000042185187
0.28260000426322224
0.28260000426322224
0.28270000426098707
0.2837000042758882
0.28280000425875185
0.28280000425875185
0.28380000427365304
0.28390000427141787
0.28390000427141787
0.2848000042885542
0.28980000436305997
0.28980000436305997
0.31380000472068786
0.32670000491663814
0.3256000049039722
0.3256000049039722
0.32550000490620734
0.3254000049084425
0.3254000049084425
0.3234000048786402
0.32640000492334365
0.32740000493824484
0.32730000494048
0.32730000494048
0.32830000495538114
0.32730000494048
0.3503000052832067
0.35330000532791017
0.3603000054322183
0.3603000054322183
0.3613000054471195
0.36430000549182295
0.3683000055514276
0.3683000055514276
0.3683000055514276
0.3704000055789948
0.37150000559166074
0.37050000557675955
0.37050000557675955
0.35740000538527966
0.3673000055365264
0.35520000535994767
0.35520000535994767
0.3442000051960349
0.3442000051960349
0.3422000051662326
0.3392000051215291
0.3483000052534044
0.34820000525563954
0.35510000536218284
0.351200005300343
0.3481000052578747
0.3471000052429736
0.3380000051110983
0.3430000051856041
0.34900000527501107
0.35090000530704857
0.3549000053666532
0.35280000533908606
0.3598000054433942
0.3658000055328012
0.3798000057414174
0.37990000573918226
0.38390000579878686
0.383800005801022
0.38370000580325725
0.38370000580325725
0.3828000057861209
0.38080000575631856
0.38080000575631856
0.38680000584572555
0.38680000584572555
0.383800005801022
0.3878000058606267
0.3869000058434904
0.4109000062011182
0.42490000640973447
0.41900000631809237
0.42200000636279583
0.4250000064074993
0.4380000066012144
0.4380000066012144
0.4270000064373016
0.43210000650957225
0.4311000064946711
0.4300000064820051
0.4300000064820051
0.42900000646710396
0.4180000063031912
0.41600000627338884
0.41600000627338884
0.41700000628829004
0.42900000646710396
0.44200000666081907
0.4660000070184469
0.49100000739097593
0.49110000738874077
0.5141000077314675
